  1.00000000000000002E-003
  2.00000000000000004E-003         501
   1.0010000000   0.1542663965     6.4084274457   0.0000000000   0.1750702341
   0.9990000000   0.1539591452     6.3973316764   0.0000000000   0.1740737977
   0.9970000000   0.1536520400     6.3862329603   0.0000000000   0.1730761058
   0.9950000000   0.1533450804     6.3751312869   0.0000000000   0.1720771522
   0.9930000000   0.1530382658     6.3640266373   0.0000000000   0.1710769300
   0.9910000000   0.1527315962     6.3529190190   0.0000000000   0.1700754345
   0.9890000000   0.1524250712     6.3418084143   0.0000000000   0.1690726588
   0.9870000000   0.1521186907     6.3306948316   0.0000000000   0.1680685982
   0.9850000000   0.1518124543     6.3195782628   0.0000000000   0.1670632466
   0.9830000000   0.1515063618     6.3084587002   0.0000000000   0.1660565977
   0.9810000000   0.1512004128     6.2973361368   0.0000000000   0.1650486453
   0.9790000000   0.1508946070     6.2862105659   0.0000000000   0.1640393834
   0.9770000000   0.1505889442     6.2750819900   0.0000000000   0.1630288063
   0.9750000000   0.1502834237     6.2639503866   0.0000000000   0.1620169066
   0.9730000000   0.1499780457     6.2528157678   0.0000000000   0.1610036793
   0.9710000000   0.1496728096     6.2416781206   0.0000000000   0.1599891177
   0.9690000000   0.1493677151     6.2305374412   0.0000000000   0.1589732156
   0.9670000000   0.1490627621     6.2193937263   0.0000000000   0.1579559666
   0.9650000000   0.1487579499     6.2082469646   0.0000000000   0.1569373640
   0.9630000000   0.1484532782     6.1970971457   0.0000000000   0.1559174007
   0.9610000000   0.1481487468     6.1859442764   0.0000000000   0.1548960712
   0.9590000000   0.1478443555     6.1747883472   0.0000000000   0.1538733687
   0.9570000000   0.1475401036     6.1636293493   0.0000000000   0.1528492862
   0.9550000000   0.1472359909     6.1524672744   0.0000000000   0.1518238167
   0.9530000000   0.1469320170     6.1413021235   0.0000000000   0.1507969540
   0.9510000000   0.1466281814     6.1301338810   0.0000000000   0.1497686905
   0.9490000000   0.1463244842     6.1189625575   0.0000000000   0.1487390206
   0.9470000000   0.1460209244     6.1077881303   0.0000000000   0.1477079358
   0.9450000000   0.1457175020     6.0966106028   0.0000000000   0.1466754301
   0.9430000000   0.1454142163     6.0854299621   0.0000000000   0.1456414956
   0.9410000000   0.1451110673     6.0742462127   0.0000000000   0.1446061261
   0.9390000000   0.1448080541     6.0630593349   0.0000000000   0.1435693132
   0.9370000000   0.1445051767     6.0518693344   0.0000000000   0.1425310506
   0.9350000000   0.1442024344     6.0406761927   0.0000000000   0.1414913299
   0.9330000000   0.1438998269     6.0294799171   0.0000000000   0.1404501449
   0.9310000000   0.1435973539     6.0182804988   0.0000000000   0.1394074878
   0.9290000000   0.1432950148     6.0070779296   0.0000000000   0.1383633508
   0.9270000000   0.1429928090     5.9958721940   0.0000000000   0.1373177256
   0.9250000000   0.1426907363     5.9846633017   0.0000000000   0.1362706058
   0.9230000000   0.1423887960     5.9734512304   0.0000000000   0.1352219823
   0.9210000000   0.1420869878     5.9622359832   0.0000000000   0.1341718480
   0.9190000000   0.1417853112     5.9510175555   0.0000000000   0.1331201952
   0.9170000000   0.1414837657     5.9397959354   0.0000000000   0.1320670154
   0.9150000000   0.1411823508     5.9285711199   0.0000000000   0.1310123009
   0.9130000000   0.1408810662     5.9173431068   0.0000000000   0.1299560439
   0.9110000000   0.1405799110     5.9061118784   0.0000000000   0.1288982351
   0.9090000000   0.1402788849     5.8948774338   0.0000000000   0.1278388669
   0.9070000000   0.1399779874     5.8836397651   0.0000000000   0.1267779307
   0.9050000000   0.1396772178     5.8723988650   0.0000000000   0.1257154179
   0.9030000000   0.1393765758     5.8611547353   0.0000000000   0.1246513210
   0.9010000000   0.1390760608     5.8499073622   0.0000000000   0.1235856305
   0.8990000000   0.1387756720     5.8386567327   0.0000000000   0.1225183372
   0.8970000000   0.1384754091     5.8274028510   0.0000000000   0.1214494333
   0.8950000000   0.1381752715     5.8161457060   0.0000000000   0.1203789097
   0.8930000000   0.1378752587     5.8048852954   0.0000000000   0.1193067576
   0.8910000000   0.1375753698     5.7936216016   0.0000000000   0.1182329673
   0.8890000000   0.1372756046     5.7823546323   0.0000000000   0.1171575307
   0.8870000000   0.1369759621     5.7710843635   0.0000000000   0.1160804373
   0.8850000000   0.1366764418     5.7598107966   0.0000000000   0.1150016783
   0.8830000000   0.1363770432     5.7485339258   0.0000000000   0.1139212446
   0.8810000000   0.1360777657     5.7372537461   0.0000000000   0.1128391269
   0.8790000000   0.1357786088     5.7259702536   0.0000000000   0.1117553159
   0.8770000000   0.1354795711     5.7146834211   0.0000000000   0.1106698000
   0.8750000000   0.1351806528     5.7033932626   0.0000000000   0.1095825714
   0.8730000000   0.1348818527     5.6920997610   0.0000000000   0.1084936193
   0.8710000000   0.1345831705     5.6808029162   0.0000000000   0.1074029345
   0.8690000000   0.1342846052     5.6695027131   0.0000000000   0.1063105060
   0.8670000000   0.1339861562     5.6581991457   0.0000000000   0.1052163240
   0.8650000000   0.1336878227     5.6468922088   0.0000000000   0.1041203782
   0.8630000000   0.1333896043     5.6355818985   0.0000000000   0.1030226586
   0.8610000000   0.1330914997     5.6242681960   0.0000000000   0.1019231537
   0.8590000000   0.1327935088     5.6129511072   0.0000000000   0.1008218542
   0.8570000000   0.1324956304     5.6016306156   0.0000000000   0.0997187484
   0.8550000000   0.1321978639     5.5903067214   0.0000000000   0.0986138262
   0.8530000000   0.1319002084     5.5789794023   0.0000000000   0.0975070754
   0.8510000000   0.1316026633     5.5676486688   0.0000000000   0.0963984867
   0.8490000000   0.1313052276     5.5563145007   0.0000000000   0.0952880476
   0.8470000000   0.1310079004     5.5449768873   0.0000000000   0.0941757465
   0.8450000000   0.1307106813     5.5336358345   0.0000000000   0.0930615734
   0.8430000000   0.1304135691     5.5222913258   0.0000000000   0.0919455160
   0.8410000000   0.1301165630     5.5109433539   0.0000000000   0.0908275626
   0.8390000000   0.1298196622     5.4995919128   0.0000000000   0.0897077016
   0.8370000000   0.1295228659     5.4882369975   0.0000000000   0.0885859214
   0.8350000000   0.1292261730     5.4768785887   0.0000000000   0.0874622088
   0.8330000000   0.1289295826     5.4655166842   0.0000000000   0.0863365523
   0.8310000000   0.1286330939     5.4541512752   0.0000000000   0.0852089395
   0.8290000000   0.1283367061     5.4427823618   0.0000000000   0.0840793588
   0.8270000000   0.1280404179     5.4314099225   0.0000000000   0.0829477962
   0.8250000000   0.1277442286     5.4200339601   0.0000000000   0.0818142402
   0.8230000000   0.1274481373     5.4086544634   0.0000000000   0.0806786775
   0.8210000000   0.1271521426     5.3972714149   0.0000000000   0.0795410944
   0.8190000000   0.1268562438     5.3858848140   0.0000000000   0.0784014783
   0.8170000000   0.1265604399     5.3744946537   0.0000000000   0.0772598162
   0.8150000000   0.1262647297     5.3631009208   0.0000000000   0.0761160941
   0.8130000000   0.1259691122     5.3517036113   0.0000000000   0.0749702989
   0.8110000000   0.1256735863     5.3403027074   0.0000000000   0.0738224158
   0.8090000000   0.1253781510     5.3288982080   0.0000000000   0.0726724318
   0.8070000000   0.1250828051     5.3174901061   0.0000000000   0.0715203329
   0.8050000000   0.1247875476     5.3060783884   0.0000000000   0.0703661044
   0.8030000000   0.1244923774     5.2946630510   0.0000000000   0.0692097323
   0.8010000000   0.1241972928     5.2832440686   0.0000000000   0.0680512005
   0.7990000000   0.1239022934     5.2718214557   0.0000000000   0.0668904966
   0.7970000000   0.1236073774     5.2603951829   0.0000000000   0.0657276035
   0.7950000000   0.1233125441     5.2489652604   0.0000000000   0.0645625081
   0.7930000000   0.1230177918     5.2375316621   0.0000000000   0.0633951933
   0.7910000000   0.1227231195     5.2260943866   0.0000000000   0.0622256445
   0.7890000000   0.1224285258     5.2146534188   0.0000000000   0.0610538455
   0.7870000000   0.1221340095     5.2032087535   0.0000000000   0.0598797807
   0.7850000000   0.1218395691     5.1917603791   0.0000000000   0.0587034339
   0.7830000000   0.1215452036     5.1803082940   0.0000000000   0.0575247897
   0.7810000000   0.1212509114     5.1688524756   0.0000000000   0.0563438302
   0.7790000000   0.1209566910     5.1573929183   0.0000000000   0.0551605392
   0.7770000000   0.1206625413     5.1459296186   0.0000000000   0.0539749005
   0.7750000000   0.1203684609     5.1344625671   0.0000000000   0.0527868970
   0.7730000000   0.1200744479     5.1229917419   0.0000000000   0.0515965102
   0.7710000000   0.1197805013     5.1115171453   0.0000000000   0.0504037238
   0.7690000000   0.1194866194     5.1000387594   0.0000000000   0.0492085193
   0.7670000000   0.1191928007     5.0885565759   0.0000000000   0.0480108789
   0.7650000000   0.1188990435     5.0770705812   0.0000000000   0.0468107840
   0.7630000000   0.1186053466     5.0655807785   0.0000000000   0.0456082175
   0.7610000000   0.1183117081     5.0540871439   0.0000000000   0.0444031595
   0.7590000000   0.1180181265     5.0425896704   0.0000000000   0.0431955913
   0.7570000000   0.1177246001     5.0310883460   0.0000000000   0.0419854935
   0.7550000000   0.1174311271     5.0195831610   0.0000000000   0.0407728469
   0.7530000000   0.1171377061     5.0080741080   0.0000000000   0.0395576320
   0.7510000000   0.1168443351     4.9965611747   0.0000000000   0.0383398289
   0.7490000000   0.1165510126     4.9850443513   0.0000000000   0.0371194173
   0.7470000000   0.1162577364     4.9735236160   0.0000000000   0.0358963757
   0.7450000000   0.1159645050     4.9619989712   0.0000000000   0.0346706846
   0.7430000000   0.1156713164     4.9504704001   0.0000000000   0.0334423224
   0.7410000000   0.1153781689     4.9389378958   0.0000000000   0.0322112683
   0.7390000000   0.1150850604     4.9274014397   0.0000000000   0.0309774997
   0.7370000000   0.1147919891     4.9158610302   0.0000000000   0.0297409959
   0.7350000000   0.1144989527     4.9043166398   0.0000000000   0.0285017328
   0.7330000000   0.1142059495     4.8927682724   0.0000000000   0.0272596895
   0.7310000000   0.1139129775     4.8812159133   0.0000000000   0.0260148429
   0.7290000000   0.1136200343     4.8696595436   0.0000000000   0.0247671689
   0.7270000000   0.1133271179     4.8580991545   0.0000000000   0.0235166444
   0.7250000000   0.1130342262     4.8465347402   0.0000000000   0.0222632461
   0.7230000000   0.1127413571     4.8349662836   0.0000000000   0.0210069493
   0.7210000000   0.1124485079     4.8233937639   0.0000000000   0.0197477285
   0.7190000000   0.1121556769     4.8118171845   0.0000000000   0.0184855604
   0.7170000000   0.1118628614     4.8002365240   0.0000000000   0.0172204188
   0.7150000000   0.1115700591     4.7886517711   0.0000000000   0.0159522781
   0.7130000000   0.1112772679     4.7770629180   0.0000000000   0.0146811128
   0.7110000000   0.1109844849     4.7654699463   0.0000000000   0.0134068958
   0.7090000000   0.1106917078     4.7538728410   0.0000000000   0.0121296001
   0.7070000000   0.1103989340     4.7422715908   0.0000000000   0.0108491986
   0.7050000000   0.1101061613     4.7306661949   0.0000000000   0.0095656649
   0.7030000000   0.1098133865     4.7190566214   0.0000000000   0.0082789689
   0.7010000000   0.1095206071     4.7074428630   0.0000000000   0.0069890828
   0.6990000000   0.1092278207     4.6958249163   0.0000000000   0.0056959787
   0.6970000000   0.1089350240     4.6842027541   0.0000000000   0.0043996257
   0.6950000000   0.1086422146     4.6725763739   0.0000000000   0.0030999951
   0.6930000000   0.1083493895     4.6609457566   0.0000000000   0.0017970561
   0.6910000000   0.1080565455     4.6493108806   0.0000000000   0.0004907768
   0.6890000000   0.1077636776     4.6376717457   0.0000000000   0.0000000000
   0.6870000000   0.1074707893     4.6260283308   0.0000000000   0.0000000000
   0.6850000000   0.1071778779     4.6143806224   0.0000000000   0.0000000000
   0.6830000000   0.1068849432     4.6027286063   0.0000000000   0.0000000000
   0.6810000000   0.1065919851     4.5910722680   0.0000000000   0.0000000000
   0.6790000000   0.1062990034     4.5794115930   0.0000000000   0.0000000000
   0.6770000000   0.1060059980     4.5677465665   0.0000000000   0.0000000000
   0.6750000000   0.1057129687     4.5560771739   0.0000000000   0.0000000000
   0.6730000000   0.1054199154     4.5444034004   0.0000000000   0.0000000000
   0.6710000000   0.1051268377     4.5327252310   0.0000000000   0.0000000000
   0.6690000000   0.1048337357     4.5210426507   0.0000000000   0.0000000000
   0.6670000000   0.1045406091     4.5093556445   0.0000000000   0.0000000000
   0.6650000000   0.1042474577     4.4976641970   0.0000000000   0.0000000000
   0.6630000000   0.1039542814     4.4859682930   0.0000000000   0.0000000000
   0.6610000000   0.1036610799     4.4742679170   0.0000000000   0.0000000000
   0.6590000000   0.1033678532     4.4625630536   0.0000000000   0.0000000000
   0.6570000000   0.1030746009     4.4508536872   0.0000000000   0.0000000000
   0.6550000000   0.1027813231     4.4391398019   0.0000000000   0.0000000000
   0.6530000000   0.1024880193     4.4274213821   0.0000000000   0.0000000000
   0.6510000000   0.1021946896     4.4156984117   0.0000000000   0.0000000000
   0.6490000000   0.1019013336     4.4039708747   0.0000000000   0.0000000000
   0.6470000000   0.1016079513     4.3922387550   0.0000000000   0.0000000000
   0.6450000000   0.1013145423     4.3805020363   0.0000000000   0.0000000000
   0.6430000000   0.1010211066     4.3687607022   0.0000000000   0.0000000000
   0.6410000000   0.1007276439     4.3570147364   0.0000000000   0.0000000000
   0.6390000000   0.1004341540     4.3452641221   0.0000000000   0.0000000000
   0.6370000000   0.1001406368     4.3335088428   0.0000000000   0.0000000000
   0.6350000000   0.0998470920     4.3217488815   0.0000000000   0.0000000000
   0.6330000000   0.0995535195     4.3099842213   0.0000000000   0.0000000000
   0.6310000000   0.0992599189     4.2982148453   0.0000000000   0.0000000000
   0.6290000000   0.0989662903     4.2864407362   0.0000000000   0.0000000000
   0.6270000000   0.0986726332     4.2746618768   0.0000000000   0.0000000000
   0.6250000000   0.0983789476     4.2628782497   0.0000000000   0.0000000000
   0.6230000000   0.0980852332     4.2510898372   0.0000000000   0.0000000000
   0.6210000000   0.0977914898     4.2392966219   0.0000000000   0.0000000000
   0.6190000000   0.0974977172     4.2274985859   0.0000000000   0.0000000000
   0.6170000000   0.0972039152     4.2156957113   0.0000000000   0.0000000000
   0.6150000000   0.0969100836     4.2038879801   0.0000000000   0.0000000000
   0.6130000000   0.0966162221     4.1920753741   0.0000000000   0.0000000000
   0.6110000000   0.0963223305     4.1802578751   0.0000000000   0.0000000000
   0.6090000000   0.0960284086     4.1684354647   0.0000000000   0.0000000000
   0.6070000000   0.0957344563     4.1566081243   0.0000000000   0.0000000000
   0.6050000000   0.0954404732     4.1447758353   0.0000000000   0.0000000000
   0.6030000000   0.0951464591     4.1329385788   0.0000000000   0.0000000000
   0.6010000000   0.0948524138     4.1210963358   0.0000000000   0.0000000000
   0.5990000000   0.0945583371     4.1092490874   0.0000000000   0.0000000000
   0.5970000000   0.0942642288     4.0973968143   0.0000000000   0.0000000000
   0.5950000000   0.0939700886     4.0855394971   0.0000000000   0.0000000000
   0.5930000000   0.0936759162     4.0736771163   0.0000000000   0.0000000000
   0.5910000000   0.0933817114     4.0618096522   0.0000000000   0.0000000000
   0.5890000000   0.0930874741     4.0499370852   0.0000000000   0.0000000000
   0.5870000000   0.0927932039     4.0380593952   0.0000000000   0.0000000000
   0.5850000000   0.0924989005     4.0261765621   0.0000000000   0.0000000000
   0.5830000000   0.0922045639     4.0142885658   0.0000000000   0.0000000000
   0.5810000000   0.0919101936     4.0023953857   0.0000000000   0.0000000000
   0.5790000000   0.0916157894     3.9904970015   0.0000000000   0.0000000000
   0.5770000000   0.0913213512     3.9785933923   0.0000000000   0.0000000000
   0.5750000000   0.0910268786     3.9666845374   0.0000000000   0.0000000000
   0.5730000000   0.0907323713     3.9547704156   0.0000000000   0.0000000000
   0.5710000000   0.0904378292     3.9428510060   0.0000000000   0.0000000000
   0.5690000000   0.0901432519     3.9309262870   0.0000000000   0.0000000000
   0.5670000000   0.0898486392     3.9189962372   0.0000000000   0.0000000000
   0.5650000000   0.0895539908     3.9070608350   0.0000000000   0.0000000000
   0.5630000000   0.0892593064     3.8951200585   0.0000000000   0.0000000000
   0.5610000000   0.0889645858     3.8831738857   0.0000000000   0.0000000000
   0.5590000000   0.0886698287     3.8712222944   0.0000000000   0.0000000000
   0.5570000000   0.0883750347     3.8592652623   0.0000000000   0.0000000000
   0.5550000000   0.0880802037     3.8473027669   0.0000000000   0.0000000000
   0.5530000000   0.0877853353     3.8353347855   0.0000000000   0.0000000000
   0.5510000000   0.0874904292     3.8233612952   0.0000000000   0.0000000000
   0.5490000000   0.0871954852     3.8113822729   0.0000000000   0.0000000000
   0.5470000000   0.0869005029     3.7993976954   0.0000000000   0.0000000000
   0.5450000000   0.0866054821     3.7874075393   0.0000000000   0.0000000000
   0.5430000000   0.0863104225     3.7754117809   0.0000000000   0.0000000000
   0.5410000000   0.0860153237     3.7634103964   0.0000000000   0.0000000000
   0.5390000000   0.0857201855     3.7514033619   0.0000000000   0.0000000000
   0.5370000000   0.0854250074     3.7393906532   0.0000000000   0.0000000000
   0.5350000000   0.0851297894     3.7273722458   0.0000000000   0.0000000000
   0.5330000000   0.0848345309     3.7153481152   0.0000000000   0.0000000000
   0.5310000000   0.0845392317     3.7033182365   0.0000000000   0.0000000000
   0.5290000000   0.0842438915     3.6912825848   0.0000000000   0.0000000000
   0.5270000000   0.0839485099     3.6792411349   0.0000000000   0.0000000000
   0.5250000000   0.0836530867     3.6671938614   0.0000000000   0.0000000000
   0.5230000000   0.0833576214     3.6551407386   0.0000000000   0.0000000000
   0.5210000000   0.0830621138     3.6430817407   0.0000000000   0.0000000000
   0.5190000000   0.0827665635     3.6310168416   0.0000000000   0.0000000000
   0.5170000000   0.0824709701     3.6189460151   0.0000000000   0.0000000000
   0.5150000000   0.0821753334     3.6068692347   0.0000000000   0.0000000000
   0.5130000000   0.0818796530     3.5947864737   0.0000000000   0.0000000000
   0.5110000000   0.0815839284     3.5826977050   0.0000000000   0.0000000000
   0.5090000000   0.0812881595     3.5706029015   0.0000000000   0.0000000000
   0.5070000000   0.0809923458     3.5585020359   0.0000000000   0.0000000000
   0.5050000000   0.0806964869     3.5463950804   0.0000000000   0.0000000000
   0.5030000000   0.0804005824     3.5342820071   0.0000000000   0.0000000000
   0.5010000000   0.0801046321     3.5221627880   0.0000000000   0.0000000000
   0.4990000000   0.0798086355     3.5100373946   0.0000000000   0.0000000000
   0.4970000000   0.0795125923     3.4979057984   0.0000000000   0.0000000000
   0.4950000000   0.0792165020     3.4857679703   0.0000000000   0.0000000000
   0.4930000000   0.0789203643     3.4736238814   0.0000000000   0.0000000000
   0.4910000000   0.0786241788     3.4614735021   0.0000000000   0.0000000000
   0.4890000000   0.0783279451     3.4493168029   0.0000000000   0.0000000000
   0.4870000000   0.0780316628     3.4371537537   0.0000000000   0.0000000000
   0.4850000000   0.0777353314     3.4249843245   0.0000000000   0.0000000000
   0.4830000000   0.0774389507     3.4128084848   0.0000000000   0.0000000000
   0.4810000000   0.0771425201     3.4006262037   0.0000000000   0.0000000000
   0.4790000000   0.0768460393     3.3884374504   0.0000000000   0.0000000000
   0.4770000000   0.0765495077     3.3762421933   0.0000000000   0.0000000000
   0.4750000000   0.0762529251     3.3640404011   0.0000000000   0.0000000000
   0.4730000000   0.0759562910     3.3518320418   0.0000000000   0.0000000000
   0.4710000000   0.0756596049     3.3396170832   0.0000000000   0.0000000000
   0.4690000000   0.0753628664     3.3273954928   0.0000000000   0.0000000000
   0.4670000000   0.0750660750     3.3151672378   0.0000000000   0.0000000000
   0.4650000000   0.0747692303     3.3029322852   0.0000000000   0.0000000000
   0.4630000000   0.0744723318     3.2906906015   0.0000000000   0.0000000000
   0.4610000000   0.0741753792     3.2784421530   0.0000000000   0.0000000000
   0.4590000000   0.0738783718     3.2661869057   0.0000000000   0.0000000000
   0.4570000000   0.0735813093     3.2539248252   0.0000000000   0.0000000000
   0.4550000000   0.0732841911     3.2416558768   0.0000000000   0.0000000000
   0.4530000000   0.0729870168     3.2293800255   0.0000000000   0.0000000000
   0.4510000000   0.0726897859     3.2170972358   0.0000000000   0.0000000000
   0.4490000000   0.0723924979     3.2048074722   0.0000000000   0.0000000000
   0.4470000000   0.0720951522     3.1925106984   0.0000000000   0.0000000000
   0.4450000000   0.0717977485     3.1802068782   0.0000000000   0.0000000000
   0.4430000000   0.0715002861     3.1678959746   0.0000000000   0.0000000000
   0.4410000000   0.0712027646     3.1555779506   0.0000000000   0.0000000000
   0.4390000000   0.0709051834     3.1432527687   0.0000000000   0.0000000000
   0.4370000000   0.0706075421     3.1309203909   0.0000000000   0.0000000000
   0.4350000000   0.0703098400     3.1185807790   0.0000000000   0.0000000000
   0.4330000000   0.0700120766     3.1062338944   0.0000000000   0.0000000000
   0.4310000000   0.0697142514     3.0938796979   0.0000000000   0.0000000000
   0.4290000000   0.0694163638     3.0815181501   0.0000000000   0.0000000000
   0.4270000000   0.0691184132     3.0691492113   0.0000000000   0.0000000000
   0.4250000000   0.0688203992     3.0567728410   0.0000000000   0.0000000000
   0.4230000000   0.0685223210     3.0443889987   0.0000000000   0.0000000000
   0.4210000000   0.0682241782     3.0319976432   0.0000000000   0.0000000000
   0.4190000000   0.0679259701     3.0195987330   0.0000000000   0.0000000000
   0.4170000000   0.0676276962     3.0071922262   0.0000000000   0.0000000000
   0.4150000000   0.0673293557     2.9947780803   0.0000000000   0.0000000000
   0.4130000000   0.0670309482     2.9823562524   0.0000000000   0.0000000000
   0.4110000000   0.0667324730     2.9699266994   0.0000000000   0.0000000000
   0.4090000000   0.0664339294     2.9574893773   0.0000000000   0.0000000000
   0.4070000000   0.0661353169     2.9450442419   0.0000000000   0.0000000000
   0.4050000000   0.0658366347     2.9325912485   0.0000000000   0.0000000000
   0.4030000000   0.0655378823     2.9201303520   0.0000000000   0.0000000000
   0.4010000000   0.0652390590     2.9076615065   0.0000000000   0.0000000000
   0.3990000000   0.0649401640     2.8951846659   0.0000000000   0.0000000000
   0.3970000000   0.0646411968     2.8826997834   0.0000000000   0.0000000000
   0.3950000000   0.0643421565     2.8702068119   0.0000000000   0.0000000000
   0.3930000000   0.0640430427     2.8577057035   0.0000000000   0.0000000000
   0.3910000000   0.0637438544     2.8451964100   0.0000000000   0.0000000000
   0.3890000000   0.0634445911     2.8326788825   0.0000000000   0.0000000000
   0.3870000000   0.0631452519     2.8201530716   0.0000000000   0.0000000000
   0.3850000000   0.0628458362     2.8076189274   0.0000000000   0.0000000000
   0.3830000000   0.0625463432     2.7950763993   0.0000000000   0.0000000000
   0.3810000000   0.0622467721     2.7825254363   0.0000000000   0.0000000000
   0.3790000000   0.0619471223     2.7699659866   0.0000000000   0.0000000000
   0.3770000000   0.0616473928     2.7573979979   0.0000000000   0.0000000000
   0.3750000000   0.0613475830     2.7448214174   0.0000000000   0.0000000000
   0.3730000000   0.0610476920     2.7322361914   0.0000000000   0.0000000000
   0.3710000000   0.0607477191     2.7196422658   0.0000000000   0.0000000000
   0.3690000000   0.0604476633     2.7070395859   0.0000000000   0.0000000000
   0.3670000000   0.0601475239     2.6944280960   0.0000000000   0.0000000000
   0.3650000000   0.0598473000     2.6818077402   0.0000000000   0.0000000000
   0.3630000000   0.0595469909     2.6691784616   0.0000000000   0.0000000000
   0.3610000000   0.0592465955     2.6565402026   0.0000000000   0.0000000000
   0.3590000000   0.0589461131     2.6438929052   0.0000000000   0.0000000000
   0.3570000000   0.0586455427     2.6312365103   0.0000000000   0.0000000000
   0.3550000000   0.0583448834     2.6185709584   0.0000000000   0.0000000000
   0.3530000000   0.0580441344     2.6058961890   0.0000000000   0.0000000000
   0.3510000000   0.0577432947     2.5932121410   0.0000000000   0.0000000000
   0.3490000000   0.0574423633     2.5805187524   0.0000000000   0.0000000000
   0.3470000000   0.0571413394     2.5678159607   0.0000000000   0.0000000000
   0.3450000000   0.0568402218     2.5551037023   0.0000000000   0.0000000000
   0.3430000000   0.0565390097     2.5423819128   0.0000000000   0.0000000000
   0.3410000000   0.0562377020     2.5296505272   0.0000000000   0.0000000000
   0.3390000000   0.0559362978     2.5169094795   0.0000000000   0.0000000000
   0.3370000000   0.0556347959     2.5041587028   0.0000000000   0.0000000000
   0.3350000000   0.0553331954     2.4913981295   0.0000000000   0.0000000000
   0.3330000000   0.0550314952     2.4786276909   0.0000000000   0.0000000000
   0.3310000000   0.0547296942     2.4658473175   0.0000000000   0.0000000000
   0.3290000000   0.0544277913     2.4530569389   0.0000000000   0.0000000000
   0.3270000000   0.0541257854     2.4402564836   0.0000000000   0.0000000000
   0.3250000000   0.0538236754     2.4274458794   0.0000000000   0.0000000000
   0.3230000000   0.0535214601     2.4146250528   0.0000000000   0.0000000000
   0.3210000000   0.0532191383     2.4017939296   0.0000000000   0.0000000000
   0.3190000000   0.0529167090     2.3889524344   0.0000000000   0.0000000000
   0.3170000000   0.0526141708     2.3761004907   0.0000000000   0.0000000000
   0.3150000000   0.0523115226     2.3632380211   0.0000000000   0.0000000000
   0.3130000000   0.0520087631     2.3503649470   0.0000000000   0.0000000000
   0.3110000000   0.0517058910     2.3374811887   0.0000000000   0.0000000000
   0.3090000000   0.0514029051     2.3245866655   0.0000000000   0.0000000000
   0.3070000000   0.0510998041     2.3116812953   0.0000000000   0.0000000000
   0.3050000000   0.0507965866     2.2987649950   0.0000000000   0.0000000000
   0.3030000000   0.0504932513     2.2858376802   0.0000000000   0.0000000000
   0.3010000000   0.0501897969     2.2728992654   0.0000000000   0.0000000000
   0.2990000000   0.0498862219     2.2599496636   0.0000000000   0.0000000000
   0.2970000000   0.0495825249     2.2469887869   0.0000000000   0.0000000000
   0.2950000000   0.0492787045     2.2340165456   0.0000000000   0.0000000000
   0.2930000000   0.0489747592     2.2210328490   0.0000000000   0.0000000000
   0.2910000000   0.0486706876     2.2080376050   0.0000000000   0.0000000000
   0.2890000000   0.0483664880     2.1950307199   0.0000000000   0.0000000000
   0.2870000000   0.0480621591     2.1820120988   0.0000000000   0.0000000000
   0.2850000000   0.0477576991     2.1689816451   0.0000000000   0.0000000000
   0.2830000000   0.0474531066     2.1559392610   0.0000000000   0.0000000000
   0.2810000000   0.0471483799     2.1428848468   0.0000000000   0.0000000000
   0.2790000000   0.0468435173     2.1298183016   0.0000000000   0.0000000000
   0.2770000000   0.0465385171     2.1167395226   0.0000000000   0.0000000000
   0.2750000000   0.0462333777     2.1036484054   0.0000000000   0.0000000000
   0.2730000000   0.0459280973     2.0905448441   0.0000000000   0.0000000000
   0.2710000000   0.0456226741     2.0774287309   0.0000000000   0.0000000000
   0.2690000000   0.0453171063     2.0642999563   0.0000000000   0.0000000000
   0.2670000000   0.0450113921     2.0511584090   0.0000000000   0.0000000000
   0.2650000000   0.0447055296     2.0380039758   0.0000000000   0.0000000000
   0.2630000000   0.0443995168     2.0248365417   0.0000000000   0.0000000000
   0.2610000000   0.0440933519     2.0116559896   0.0000000000   0.0000000000
   0.2590000000   0.0437870328     1.9984622006   0.0000000000   0.0000000000
   0.2570000000   0.0434805575     1.9852550535   0.0000000000   0.0000000000
   0.2550000000   0.0431739240     1.9720344253   0.0000000000   0.0000000000
   0.2530000000   0.0428671301     1.9588001907   0.0000000000   0.0000000000
   0.2510000000   0.0425601738     1.9455522223   0.0000000000   0.0000000000
   0.2490000000   0.0422530527     1.9322903901   0.0000000000   0.0000000000
   0.2470000000   0.0419457647     1.9190145623   0.0000000000   0.0000000000
   0.2450000000   0.0416383075     1.9057246043   0.0000000000   0.0000000000
   0.2430000000   0.0413306788     1.8924203793   0.0000000000   0.0000000000
   0.2410000000   0.0410228762     1.8791017479   0.0000000000   0.0000000000
   0.2390000000   0.0407148973     1.8657685682   0.0000000000   0.0000000000
   0.2370000000   0.0404067396     1.8524206954   0.0000000000   0.0000000000
   0.2350000000   0.0400984006     1.8390579824   0.0000000000   0.0000000000
   0.2330000000   0.0397898777     1.8256802789   0.0000000000   0.0000000000
   0.2310000000   0.0394811683     1.8122874321   0.0000000000   0.0000000000
   0.2290000000   0.0391722697     1.7988792859   0.0000000000   0.0000000000
   0.2270000000   0.0388631791     1.7854556814   0.0000000000   0.0000000000
   0.2250000000   0.0385538938     1.7720164565   0.0000000000   0.0000000000
   0.2230000000   0.0382444109     1.7585614460   0.0000000000   0.0000000000
   0.2210000000   0.0379347275     1.7450904811   0.0000000000   0.0000000000
   0.2190000000   0.0376248405     1.7316033899   0.0000000000   0.0000000000
   0.2170000000   0.0373147470     1.7180999969   0.0000000000   0.0000000000
   0.2150000000   0.0370044437     1.7045801229   0.0000000000   0.0000000000
   0.2130000000   0.0366939275     1.6910435851   0.0000000000   0.0000000000
   0.2110000000   0.0363831950     1.6774901969   0.0000000000   0.0000000000
   0.2090000000   0.0360722431     1.6639197675   0.0000000000   0.0000000000
   0.2070000000   0.0357610681     1.6503321024   0.0000000000   0.0000000000
   0.2050000000   0.0354496666     1.6367270026   0.0000000000   0.0000000000
   0.2030000000   0.0351380351     1.6231042648   0.0000000000   0.0000000000
   0.2010000000   0.0348261698     1.6094636815   0.0000000000   0.0000000000
   0.1990000000   0.0345140669     1.5958050402   0.0000000000   0.0000000000
   0.1970000000   0.0342017226     1.5821281238   0.0000000000   0.0000000000
   0.1950000000   0.0338891329     1.5684327104   0.0000000000   0.0000000000
   0.1930000000   0.0335762938     1.5547185728   0.0000000000   0.0000000000
   0.1910000000   0.0332632011     1.5409854787   0.0000000000   0.0000000000
   0.1890000000   0.0329498505     1.5272331902   0.0000000000   0.0000000000
   0.1870000000   0.0326362377     1.5134614639   0.0000000000   0.0000000000
   0.1850000000   0.0323223581     1.4996700504   0.0000000000   0.0000000000
   0.1830000000   0.0320082072     1.4858586946   0.0000000000   0.0000000000
   0.1810000000   0.0316937802     1.4720271347   0.0000000000   0.0000000000
   0.1790000000   0.0313790723     1.4581751029   0.0000000000   0.0000000000
   0.1770000000   0.0310640785     1.4443023242   0.0000000000   0.0000000000
   0.1750000000   0.0307487935     1.4304085171   0.0000000000   0.0000000000
   0.1730000000   0.0304332123     1.4164933926   0.0000000000   0.0000000000
   0.1710000000   0.0301173293     1.4025566543   0.0000000000   0.0000000000
   0.1690000000   0.0298011390     1.3885979979   0.0000000000   0.0000000000
   0.1670000000   0.0294846357     1.3746171113   0.0000000000   0.0000000000
   0.1650000000   0.0291678135     1.3606136738   0.0000000000   0.0000000000
   0.1630000000   0.0288506662     1.3465873560   0.0000000000   0.0000000000
   0.1610000000   0.0285331877     1.3325378195   0.0000000000   0.0000000000
   0.1590000000   0.0282153716     1.3184647162   0.0000000000   0.0000000000
   0.1570000000   0.0278972112     1.3043676887   0.0000000000   0.0000000000
   0.1550000000   0.0275786996     1.2902463687   0.0000000000   0.0000000000
   0.1530000000   0.0272598300     1.2761003778   0.0000000000   0.0000000000
   0.1510000000   0.0269405949     1.2619293272   0.0000000000   0.0000000000
   0.1490000000   0.0266209869     1.2477328135   0.0000000000   0.0000000000
   0.1470000000   0.0263009984     1.2335104241   0.0000000000   0.0000000000
   0.1450000000   0.0259806212     1.2192617330   0.0000000000   0.0000000000
   0.1430000000   0.0256598472     1.2049863007   0.0000000000   0.0000000000
   0.1410000000   0.0253386680     1.1906836740   0.0000000000   0.0000000000
   0.1390000000   0.0250170746     1.1763533851   0.0000000000   0.0000000000
   0.1370000000   0.0246950579     1.1619949513   0.0000000000   0.0000000000
   0.1350000000   0.0243726087     1.1476078738   0.0000000000   0.0000000000
   0.1330000000   0.0240497171     1.1331916372   0.0000000000   0.0000000000
   0.1310000000   0.0237263731     1.1187457085   0.0000000000   0.0000000000
   0.1290000000   0.0234025662     1.1042695365   0.0000000000   0.0000000000
   0.1270000000   0.0230782856     1.0897625507   0.0000000000   0.0000000000
   0.1250000000   0.0227535201     1.0752241603   0.0000000000   0.0000000000
   0.1230000000   0.0224282580     1.0606537531   0.0000000000   0.0000000000
   0.1210000000   0.0221024873     1.0460506944   0.0000000000   0.0000000000
   0.1190000000   0.0217761953     1.0314143259   0.0000000000   0.0000000000
   0.1170000000   0.0214493691     1.0167439643   0.0000000000   0.0000000000
   0.1150000000   0.0211219950     1.0020388997   0.0000000000   0.0000000000
   0.1130000000   0.0207940590     0.9872983944   0.0000000000   0.0000000000
   0.1110000000   0.0204655464     0.9725216813   0.0000000000   0.0000000000
   0.1090000000   0.0201364418     0.9577079616   0.0000000000   0.0000000000
   0.1070000000   0.0198067293     0.9428564038   0.0000000000   0.0000000000
   0.1050000000   0.0194763923     0.9279661408   0.0000000000   0.0000000000
   0.1030000000   0.0191454133     0.9130362683   0.0000000000   0.0000000000
   0.1010000000   0.0188137743     0.8980658421   0.0000000000   0.0000000000
   0.0990000000   0.0184814562     0.8830538755   0.0000000000   0.0000000000
   0.0970000000   0.0181484393     0.8679993369   0.0000000000   0.0000000000
   0.0950000000   0.0178147026     0.8529011459   0.0000000000   0.0000000000
   0.0930000000   0.0174802245     0.8377581709   0.0000000000   0.0000000000
   0.0910000000   0.0171449821     0.8225692248   0.0000000000   0.0000000000
   0.0890000000   0.0168089514     0.8073330613   0.0000000000   0.0000000000
   0.0870000000   0.0164721073     0.7920483703   0.0000000000   0.0000000000
   0.0850000000   0.0161344231     0.7767137733   0.0000000000   0.0000000000
   0.0830000000   0.0157958711     0.7613278179   0.0000000000   0.0000000000
   0.0810000000   0.0154564218     0.7458889721   0.0000000000   0.0000000000
   0.0790000000   0.0151160441     0.7303956176   0.0000000000   0.0000000000
   0.0770000000   0.0147747053     0.7148460429   0.0000000000   0.0000000000
   0.0750000000   0.0144323708     0.6992384350   0.0000000000   0.0000000000
   0.0730000000   0.0140890037     0.6835708707   0.0000000000   0.0000000000
   0.0710000000   0.0137445652     0.6678413066   0.0000000000   0.0000000000
   0.0690000000   0.0133990139     0.6520475677   0.0000000000   0.0000000000
   0.0670000000   0.0130523059     0.6361873350   0.0000000000   0.0000000000
   0.0650000000   0.0127043943     0.6202581315   0.0000000000   0.0000000000
   0.0630000000   0.0123552292     0.6042573057   0.0000000000   0.0000000000
   0.0610000000   0.0120047572     0.5881820135   0.0000000000   0.0000000000
   0.0590000000   0.0116529213     0.5720291975   0.0000000000   0.0000000000
   0.0570000000   0.0112996601     0.5557955627   0.0000000000   0.0000000000
   0.0550000000   0.0109449079     0.5394775493   0.0000000000   0.0000000000
   0.0530000000   0.0105885937     0.5230713005   0.0000000000   0.0000000000
   0.0510000000   0.0102306411     0.5065726256   0.0000000000   0.0000000000
   0.0490000000   0.0098709674     0.4899769569   0.0000000000   0.0000000000
   0.0470000000   0.0095094827     0.4732792981   0.0000000000   0.0000000000
   0.0450000000   0.0091460895     0.4564741642   0.0000000000   0.0000000000
   0.0430000000   0.0087806814     0.4395555097   0.0000000000   0.0000000000
   0.0410000000   0.0084131420     0.4225166419   0.0000000000   0.0000000000
   0.0390000000   0.0080433435     0.4053501163   0.0000000000   0.0000000000
   0.0370000000   0.0076711451     0.3880476085   0.0000000000   0.0000000000
   0.0350000000   0.0072963913     0.3705997564   0.0000000000   0.0000000000
   0.0330000000   0.0069189093     0.3529959636   0.0000000000   0.0000000000
   0.0310000000   0.0065385063     0.3352241502   0.0000000000   0.0000000000
   0.0290000000   0.0061549664     0.3172704354   0.0000000000   0.0000000000
   0.0270000000   0.0057680463     0.2991187238   0.0000000000   0.0000000000
   0.0250000000   0.0053774702     0.2807501599   0.0000000000   0.0000000000
   0.0230000000   0.0049829235     0.2621423932   0.0000000000   0.0000000000
   0.0210000000   0.0045840450     0.2432685637   0.0000000000   0.0000000000
   0.0190000000   0.0041804169     0.2240958713   0.0000000000   0.0000000000
   0.0170000000   0.0037715518     0.2045834860   0.0000000000   0.0000000000
   0.0150000000   0.0033568765     0.1846793873   0.0000000000   0.0000000000
   0.0130000000   0.0029357112     0.1643153601   0.0000000000   0.0000000000
   0.0110000000   0.0025072446     0.1433986101   0.0000000000   0.0000000000
   0.0090000000   0.0020705069     0.1217966430   0.0000000000   0.0000000000
   0.0070000000   0.0016243563     0.0993071377   0.0000000000   0.0000000000
   0.0050000000   0.0011675475     0.0755886052   0.0000000000   0.0000000000
   0.0030000000   0.0006992421     0.0499587121   0.0000000000   0.0000000000
   0.0010000000   0.0002229972     0.0204347403   0.0000000000   0.0000000000
