T I E P S E/P CS2 (GeV^n)
0.07 0.218287926567 0.716587926567 0.1661 12.6098275224 0.231792908926 0.237433137933
0.071 0.221159111502 0.728809085523 0.169216658007 12.6482499089 0.232182421115 0.237149354007
0.072 0.22414428498 0.7411363072 0.172330674073 12.6870414066 0.2325222397 0.236865570081
0.073 0.227251991533 0.753583247827 0.175443752098 12.7263972592 0.232812701986 0.236518879486
0.074 0.230490964688 0.766163896601 0.178557643971 12.766507305 0.233054108609 0.236109830257
0.075 0.233870126542 0.778892575135 0.181674149531 12.8075563289 0.233246734313 0.235639087362
0.076 0.237398587307 0.791783936864 0.184795116519 12.8497243866 0.233390837974 0.235107439537
0.077 0.241085644817 0.804852966409 0.18792244053 12.8931871031 0.233486671943 0.234515804705
0.078 0.24494078401 0.818114978894 0.191058064961 12.9381159469 0.233534490738 0.233865233925
0.079 0.248973676366 0.831585619228 0.194203980954 12.9846784833 0.233534559117 0.233156913875
0.08 0.253194179313 0.845280861323 0.197362227337 13.0330386082 0.233487159555 0.232392167859
0.081 0.257612335594 0.859217007273 0.20053489056 13.0833567634 0.233392599148 0.231572455334
0.082 0.262238372587 0.873410686474 0.203724104629 13.1357901354 0.233251215933 0.230699369999
0.083 0.267082701587 0.887878854687 0.206932051033 13.19049284 0.233063384651 0.229774636472
0.084 0.272155917041 0.902638793043 0.210160958667 13.2476160918 0.232829521938 0.228800105613
0.085 0.277468795732 0.917708106984 0.213413103751 13.3073083616 0.232550090957 0.227777748571
0.086 0.283032295915 0.933104725139 0.216690809741 13.3697155219 0.232225605448 0.226709649629
0.087 0.2888575564 0.948846898133 0.219996447244 13.4349809814 0.231856633222 0.225597997961
0.088 0.294955895579 0.96495319732 0.223332433914 13.5032458095 0.231443799071 0.2244450784
0.089 0.301338810394 0.981442513442 0.226701234349 13.5746488516 0.230987787103 0.223253261356
0.09 0.308017975246 0.99833405521 0.230105359988 13.6493268355 0.230489342507 0.222024992007
0.091 0.315005240835 1.0156473478 0.233547368988 13.7274144702 0.229949272741 0.220762778906
0.092 0.322312632943 1.03340223126 0.237029866107 13.8090445366 0.229368448157 0.219469182151
0.093 0.329952351135 1.05161885885 0.24055550257 13.8943479722 0.228747802064 0.218146801254
0.094 0.337936767397 1.07031769521 0.244126975939 13.9834539484 0.228088330251 0.216798262873
0.095 0.346278424693 1.08951951457 0.24774702996 14.0764899425 0.227391089968 0.215426208524
0.096 0.354990035444 1.1092453987 0.25141845442 14.1735818034 0.226657198411 0.214033282436
0.097 0.364084479918 1.12951673485 0.255144084978 14.2748538127 0.225887830702 0.212622119651
0.098 0.373574804547 1.15035521355 0.258926803002 14.3804287403 0.225084217424 0.211195334514
0.099 0.383474220138 1.1717828263 0.262769535388 14.4904278959 0.224247641704 0.209755509644
0.1 0.3937961 1.19382186312 0.266675254374 14.6049711749 0.223379435921 0.208305185488
0.101 0.404553977967 1.21649490998 0.270646977339 14.7241771022 0.222480978028 0.206846850542
0.102 0.415761546324 1.23982484612 0.2746877666 14.8481628698 0.22155368757 0.20538293231
0.103 0.427432653622 1.26383484119 0.27880072919 14.9770443726 0.220599021409 0.203915789051
0.104 0.439581302384 1.28854835227 0.28298901663 15.1109362395 0.21961846921 0.20244770236
0.105 0.452221646697 1.31398912076 0.287255824689 15.2499518615 0.218613548735 0.200980870612
0.106 0.465367989682 1.34018116907 0.291604393128 15.3942034169 0.217585800979 0.199517403278
0.107 0.479034780841 1.36714879716 0.29603800544 15.5438018934 0.216536785209 0.198059316122
0.108 0.49323661327 1.39491657896 0.300559988563 15.6988571067 0.215468073931 0.196608527266
0.109 0.50798822075 1.42350935855 0.305173712598 15.8594777169 0.214381247841 0.195166854104
0.11 0.523304474682 1.45295224618 0.309882590498 16.0257712425 0.2132778908 0.193736011039
0.111 0.539200380889 1.48327061412 0.314690077745 16.1978440709 0.212159584872 0.192317608008
0.112 0.555691076262 1.51449009233 0.319599672023 16.3758014675 0.211027905459 0.190913149744
0.113 0.572791825255 1.54663656383 0.324614912859 16.5597475814 0.209884416579 0.189524035741
0.114 0.590518016213 1.57973616 0.329739381261 16.7497854496 0.208730666304 0.188151560857
0.115 0.608885157535 1.61381525553 0.334976699332 16.9460169988 0.207568182408 0.186796916507
0.116 0.627908873664 1.64890046327 0.34033052987 17.1485430444 0.206398468222 0.185461192391
0.117 0.647604900898 1.68501862874 0.345804575948 17.3574632879 0.205222998755 0.184145378691
0.118 0.66798908301 1.72219682444 0.351402580475 17.5728763128 0.204043217064 0.182850368691
0.119 0.689077366681 1.76046234391 0.357128325745 17.794879577 0.202860530916 0.181576961759
0.12 0.710885796732 1.79984269559 0.362985632951 18.0235694045 0.201676309736 0.180325866626
0.121 0.733430511147 1.84036559623 0.368978361695 18.2590409746 0.200491881858 0.179097704937
0.122 0.756727735883 1.88205896428 0.375110409467 18.5013883094 0.199308532084 0.177893014985
0.123 0.780793779464 1.92495091276 0.3813857111 18.7507042591 0.198127499549 0.17671225562
0.124 0.805645027342 1.96906974198 0.387808238212 19.0070804854 0.196949975892 0.175555810266
0.125 0.831297936022 2.01444393187 0.394381998614 19.2706074438 0.195777103734 0.174423991009
0.126 0.857769026948 2.06110213406 0.401111035703 19.5413743632 0.194609975447 0.173317042723
0.127 0.885074880129 2.10907316359 0.407999427821 19.8194692237 0.193449632219 0.17223514721
0.128 0.913232127518 2.15838599029 0.415051287591 20.1049787334 0.192297063388 0.171178427296
0.129 0.942257446107 2.20906972981 0.422270761233 20.3979883026 0.191153206047 0.170146950899
0.13 0.972167550759 2.26115363428 0.429662027841 20.6985820163 0.190018944899 0.169140735004
0.131 1.00297918675 2.31466708267 0.43722929864 21.0068426054 0.188895112353 0.168159749552
0.132 1.03470912199 2.36963957062 0.44497681621 21.3228514154 0.187782488834 0.167203921228
0.133 1.06737413902 2.42610070006 0.452908853678 21.6466883739 0.186681803302 0.16627313711
0.134 1.10099102658 2.48408016823 0.461029713884 21.9784319561 0.185593733962 0.165367248196
0.135 1.13557657095 2.54360775647 0.469343728508 22.318159148 0.184518909141 0.164486072787
0.136 1.1711475469 2.60471331841 0.47785525717 22.6659454087 0.183457908321 0.163629399718
0.137 1.20772070834 2.66742676782 0.486568686492 23.02186463 0.182411263305 0.162796991434
0.138 1.24531277858 2.73177806596 0.495488429124 23.3859890948 0.181379459517 0.161988586921
0.139 1.28394044026 2.79779720847 0.504618922738 23.7583894331 0.180362937389 0.16120390447
0.14 1.32362032484 2.86551421176 0.513964628976 24.1391345767 0.179362093849 0.160442644285
0.141 1.36436900181 2.93495909892 0.523530032371 24.5282917113 0.178377283882 0.159704490945
0.142 1.4062029674 3.00616188506 0.53331963922 24.9259262273 0.17740882215 0.158989115706
0.143 1.44913863294 3.07915256219 0.543337976417 25.3321016686 0.176456984655 0.158296178656
0.144 1.49319231279 3.15396108352 0.553589590244 25.7468796789 0.175522010445 0.157625330727
0.145 1.5383802118 3.23061734718 0.564079045126 26.1703199469 0.174604103336 0.156976215564
0.146 1.5847184124 3.30915117939 0.574810922327 26.6024801487 0.17370343365 0.156348471267
0.147 1.63222286114 3.389592317 0.585789818617 27.0434158885 0.172820139956 0.155741731991
0.148 1.68090935485 3.47197038948 0.597020344877 27.4931806375 0.171954330799 0.155155629434
0.149 1.73079352622 3.55631490021 0.608507124665 27.9518256703 0.171106086423 0.154589794202
0.15 1.781890829 3.64265520719 0.620254792729 28.4193999995 0.170275460468 0.154043857065
0.151 1.83421652259 3.731020503 0.63226799347 28.8959503077 0.169462481635 0.153517450104
0.152 1.88778565612 3.82143979417 0.644551379351 29.3815208785 0.168667155331 0.153010207763
0.153 1.94261305206 3.91394187983 0.657109609255 29.8761535234 0.167889465258 0.152521767807
0.154 1.9987132892 4.00855532955 0.669947346783 30.3798875086 0.167129374976 0.15205177219
0.155 2.05610068508 4.10530846058 0.683069258499 30.8927594779 0.166386829409 0.151599867841
0.156 2.11478927787 4.20422931422 0.696480012117 31.414803374 0.165661756308 0.151165707381
0.157 2.17479280764 4.30534563151 0.710184274623 31.9460503575 0.164954067666 0.150748949763
0.158 2.23612469694 4.40868482798 0.724186710345 32.4865287236 0.164263661069 0.150349260846
0.159 2.2987980309 4.51427396774 0.738491978948 33.0362638157 0.163590421012 0.149966313915
0.16 2.36282553652 4.62213973665 0.753104733375 33.5952779376 0.162934220141 0.149599790141
0.161 2.42821956143 4.73230841458 0.768029617715 34.1635902627 0.162294920456 0.149249378989
0.162 2.49499205188 4.8448058469 0.783271265007 34.7412167402 0.161672374448 0.148914778588
0.163 2.56315453007 4.95965741497 0.798834294968 35.3281699996 0.161066426192 0.148595696046
0.164 2.63271807078 5.07688800576 0.814723311661 35.9244592526 0.16047691238 0.14829184774
0.165 2.70369327721 5.19652198044 0.830942901076 36.530090191 0.159903663297 0.148002959564
0.166 2.77609025617 5.3185831421 0.847497628646 37.145064884 0.159346503759 0.147728767146
0.167 2.84991859234 5.44309470238 0.864392036681 37.769381671 0.158805253986 0.147469016043
0.168 2.92518732193 5.57007924711 0.881630641726 38.4030350526 0.158279730434 0.147223461907
0.169 3.00190490539 5.69955870089 0.899217931835 39.0460155783 0.157769746576 0.14699187063
0.17 3.08007919935 5.83155429064 0.917158363763 39.6983097318 0.157275113641 0.146774018476
0.171 3.1597174277 5.96608650793 0.935456360079 40.3598998129 0.156795641303 0.145473405388
0.172 3.24492792859 6.10731261845 0.954128229951 41.0548886535 0.156227180359 0.145431408359
0.173 3.32711390782 6.24664519619 0.973177096126 41.7330768342 0.155791959614 0.146597494994
0.174 3.41004268041 6.3878186969 0.992592005495 42.416153462 0.155388255771 0.146944547373
0.175 3.49316056133 6.53027487372 1.01237143746 43.1008360639 0.15502738507 0.14755267875
0.176 3.57598418444 6.673517011 1.03251094219 43.784249734 0.15471766094 0.14838248357
0.177 3.65809327426 6.81710402922 1.05300358498 44.463884826 0.154464942954 0.149401234
0.178 3.73912412244 6.9606451408 1.07384033945 45.1375588778 0.154273105112 0.150581496831
0.179 3.81876370044 7.10379500487 1.09501043481 45.8033823446 0.154144430415 0.151900083337
0.18 3.89674434655 7.24624933367 1.11650166237 46.4597277558 0.154079939975 0.15333724215
0.181 3.97283897186 7.38774090841 1.13830064552 47.1052019554 0.154079665168 0.154876031994
0.182 4.04685673466 7.52803596593 1.16039307709 47.7386211155 0.154142871041 0.156501829132
0.183 4.11863913836 7.66693092168 1.18276392777 48.3589882484 0.154268238472 0.158201936929
0.184 4.1880565119 7.80424939746 1.20539762852 48.9654729673 0.154454011799 0.159965273595
0.185 4.2550048359 7.93983952571 1.22827822994 49.5573932738 0.154698117759 0.161782120388
0.186 4.31940288127 8.07357150449 1.25138954108 50.1341991697 0.15499826073 0.163643916991
0.187 4.38118963031 8.20533538007 1.27471524992 50.6954579144 0.155351998532 0.16554309401
0.188 4.4403219531 8.33503903588 1.29823902759 51.2408407632 0.155756802338 0.167472934904
0.189 4.4967725148 8.46260636902 1.32194461807 51.7701110428 0.156210103652 0.169427461431
0.19 4.55052789156 8.58797563673 1.34581591506 52.2831134304 0.156709330811 0.171401337999
0.191 4.60158687526 8.71109795744 1.3698370274 52.7797643185 0.157251937022 0.173389791332
0.192 4.64995894878 8.83193595207 1.39399233443 53.2600431589 0.157835421588 0.175388542604
0.193 4.69566291557 8.95046251265 1.41826653236 53.7239846892 0.15845734568 0.177393749779
0.194 4.7387256687 9.06665968674 1.44264467268 54.1716719558 0.159115343746 0.179401958374
0.195 4.77918108601 9.18051766694 1.46711219364 54.6032300543 0.159807131457 0.181410059178
0.196 4.81706903921 9.29203387585 1.49165494555 55.0188205173 0.160530510917 0.183415251771
0.197 4.85243450609 9.40121213787 1.51625921059 55.4186362866 0.161283373714 0.185415012889
0.198 4.88532677581 9.50806192978 1.54091171799 55.802897211 0.162063702295 0.187407068859
0.199 4.91579873835 9.61259770299 1.56559965488 56.1718460194 0.162869570043 0.189389371468
0.2 4.94390625 9.71483827084 1.59031067361 56.5257447223 0.163699140354 0.191360076749
0.201 4.96970756752 9.81480625515 1.61503289588 56.8648713981 0.164550664974 0.193317526237
0.202 4.99326284433 9.91252758635 1.63975491401 57.1895173285 0.165422481776 0.195260230354
0.203 5.01463368267 10.0080310526 1.66446578999 57.4999844465 0.166313012144 0.197186853601
0.204 5.03388273631 10.1013478934 1.68915505236 57.7965830675 0.16722075808 0.199096201331
0.205 5.05107335884 10.1925114329 1.71381269137 58.0796298746 0.16814429914 0.200987207867
0.206 5.06626929304 10.2815567509 1.73842915261 58.3494461335 0.169082289262 0.202858925809
0.207 5.07953439735 10.3685203859 1.7629953295 58.6063561128 0.170033453559 0.204710516364
0.208 5.09093240569 10.4534400693 1.78750255454 58.8506856916 0.170996585113 0.206541240578
0.209 5.10052671731 10.5363544869 1.81194258985 59.0827611326 0.171970541814 0.208350451365
0.21 5.10838021373 10.6173030645 1.83630761691 59.3029080065 0.172954243254 0.210137586237
0.211 5.11455509995 10.6963257772 1.86059022576 59.5114502511 0.173946667716 0.211902160644
0.212 5.11911276754 10.7734629788 1.88478340374 59.7087093515 0.174946849259 0.213643761882
0.213 5.12211367732 10.8487552491 1.90888052394 59.8950036294 0.175953874901 0.215362043486
0.214 5.12361725959 10.9222432596 1.93287533333 60.0706476303 0.17696688193 0.217056720066
0.215 5.12368183019 10.9939676527 1.95676194083 60.2359515977 0.177985055318 0.218727562546
0.216 5.12236452059 11.0639689363 1.98053480525 60.3912210259 0.17900762526 0.220374393757
0.217 5.11972122062 11.1322873902 2.0041887232 60.5367562831 0.180033864825 0.221997084364
0.218 5.11580653239 11.1989629837 2.0277188171 60.6728522972 0.181063087721 0.223595549082
0.219 5.11067373428 11.2640353039 2.05112052319 60.799798297 0.182094646178 0.225169743169
0.22 5.10437475381 11.3275434931 2.07438957978 60.9178776042 0.183127928931 0.226719659166
0.221 5.09696014842 11.389526195 2.09752201554 61.0273674686 0.184162359313 0.228245323859
0.222 5.08847909322 11.4500215075 2.12051413808 61.1285389439 0.185197393446 0.229746795458
0.223 5.07897937503 11.5090669432 2.14336252271 61.2216567977 0.186232518526 0.231224160963
0.224 5.0685073917 11.566699396 2.16606400142 61.3069794525 0.187267251207 0.232677533713
0.225 5.0571081564 11.6229551127 2.18861565211 61.3847589549 0.188301136061 0.234107051099
0.226 5.04482530595 11.6778696705 2.21101478817 61.4552409674 0.18933374413 0.235512872427
0.227 5.03170111285 11.7314779575 2.2332589482 61.5186647826 0.190364671553 0.236895176931
0.228 5.01777650052 11.7838141589 2.25534588614 61.5752633556 0.191393538265 0.238254161913
0.229 5.00309106121 11.8349117459 2.27727356158 61.6252633516 0.19241998677 0.23959004101
0.23 4.9876830762 11.8848034677 2.29904013049 61.6688852093 0.193443680978 0.240903042576
0.231 4.97158953813 11.9335213464 2.3206439361 61.7063432144 0.194464305106 0.242193408175
0.232 4.95484617483 11.9810966754 2.3420835002 61.7378455847 0.195481562636 0.24346139117
0.233 4.93748747463 12.0275600187 2.36335751468 61.7635945637 0.196495175332 0.244707255415
0.234 4.9195467128 12.0729412127 2.38446483331 61.7837865216 0.197504882306 0.245931274029
0.235 4.90105597887 12.1172693707 2.40540446394 61.7986120623 0.198510439139 0.247133728259
0.236 4.88204620464 12.1605728872 2.42617556085 61.8082561358 0.199511617039 0.248314906421
0.237 4.86254719276 12.2028794452 2.44677741746 61.8128981545 0.200508202057 0.249475102906
0.238 4.84258764565 12.2442160236 2.4672094593 61.8127121129 0.201499994328 0.250614617275
0.239 4.82219519466 12.2846089063 2.48747123722 61.8078667094 0.202486807369 0.251733753395
0.24 4.80139642929 12.324083692 2.50756242092 61.7985254707 0.203468467399 0.252832818658
0.241 4.78021692649 12.3626653044 2.52748279265 61.7848468759 0.204444812701 0.253912123241
0.242 4.75868127977 12.4003780036 2.54723224127 61.7669844828 0.205415693016 0.254971979433
0.243 4.73681312815 12.4372453975 2.56681075645 61.7450870533 0.20638096897 0.256012701002
0.244 4.71463518487 12.4732904545 2.5862184232 61.7192986789 0.207340511522 0.257034602618
0.245 4.69216926576 12.5085355153 2.60545541651 61.6897589054 0.208294201454 0.258037999318
0.246 4.6694363172 12.5430023063 2.62452199638 61.6566028566 0.209241928869 0.25902320601
0.247 4.6464564437 12.5767119523 2.64341850288 61.6199613571 0.210183592731 0.259990537023
0.248 4.62324893499 12.6096849897 2.66214535155 61.5799610532 0.211119100417 0.260940305689
0.249 4.59983229262 12.6419413796 2.68070302898 61.5367245324 0.212048367296 0.26187282396
0.25 4.576224256 12.6735005216 2.69909208853 61.4903704404 0.212971316325 0.262788402065
0.251 4.55244182793 12.7043812667 2.71731314626 61.4410135974 0.213887877671 0.263687348184
0.252 4.52850129954 12.7346019308 2.7353668771 61.3887651109 0.214797988344 0.264569968166
0.253 4.50441827463 12.764180308 2.75325401113 61.3337324867 0.215701591852 0.265436565262
0.254 4.48020769346 12.7931336835 2.77097533001 61.2760197382 0.216598637876 0.266287439889
0.255 4.4558838559 12.8214788469 2.78853166366 61.2157274923 0.217489081951 0.267122889417
0.256 4.43146044397 12.849232105 2.80592388701 61.1529530938 0.218372885172 0.267943207977
0.257 4.40695054382 12.8764092946 2.82315291693 61.0877907065 0.219250013908 0.26874868629
0.258 4.38236666707 12.9030257951 2.84021970933 61.0203314124 0.220120439534 0.269539611513
0.259 4.35772077149 12.9290965405 2.85712525635 60.9506633085 0.220984138172 0.270316267108
0.26 4.33302428121 12.9546360324 2.87387058372 60.8788716003 0.221841090444 0.271078932723
0.261 4.30828810621 12.9796583508 2.89045674821 60.8050386937 0.22269128124 0.271827884089
0.262 4.28352266131 13.0041771671 2.90688483527 60.7292442839 0.223534699498 0.272563392934
0.263 4.25873788449 13.0282057546 2.92315595669 60.6515654421 0.224371337985 0.27328572691
0.264 4.23394325473 13.0517570001 2.93927124847 60.5720766993 0.225201193099 0.273995149525
0.265 4.20914780923 13.0748434154 2.95523186871 60.4908501286 0.226024264676 0.274691920103
0.266 4.18436016008 13.0974771471 2.97103899568 60.407955424 0.226840555804 0.275376293733
0.267 4.15958851044 13.1196699882 2.98669382592 60.3234599779 0.227650072647 0.27604852125
0.268 4.1348406701 13.1414333876 3.00219757249 60.2374289555 0.228452824281 0.276708849206
0.269 4.11012407065 13.1627784605 3.01755146329 60.1499253673 0.229248822529 0.277357519861
0.27 4.08544577998 13.1837159983 3.03275673944 60.0610101398 0.230038081815 0.277994771181
0.271 4.06081251645 13.2042564778 3.04781465379 59.9707421831 0.230820619011 0.278620836836
0.272 4.03623066246 13.2244100709 3.06272646947 59.8791784571 0.231596453305 0.279235946213
0.273 4.01170627762 13.2441866532 3.07749345852 59.7863740356 0.232365606066 0.279840324427
0.274 3.98724511146 13.2635958134 3.09211690065 59.692382168 0.233128100716 0.280434192345
0.275 3.9628526156 13.2826468614 3.10659808195 59.5972543396 0.233883962613 0.281017766611
0.276 3.93853395566 13.3013488371 3.1209382938 59.5010403293 0.234633218934 0.281591259674
0.277 3.9142940226 13.3197105179 3.13513883176 59.4037882659 0.235375898564 0.282154879825
0.278 3.89013744374 13.3377404273 3.14920099452 59.3055446828 0.236112031996 0.282708831232
0.279 3.86606859334 13.3554468421 3.16312608293 59.2063545702 0.236841651225 0.283253313982
0.28 3.84209160281 13.3728378002 3.17691539914 59.1062614263 0.237564789658 0.283788524126
0.281 3.81821037058 13.3899211075 3.19057024563 59.0053073064 0.238281482021 0.284314653725
0.282 3.79442857158 13.4067043451 3.20409192449 58.9035328708 0.238991764272 0.2848318909
0.283 3.77074966637 13.4231948762 3.21748173661 58.8009774304 0.239695673518 0.285340419882
0.284 3.74717690993 13.4393998528 3.23074098094 58.6976789919 0.240393247938 0.285840421064
0.285 3.72371336017 13.4553262217 3.24387095385 58.5936743002 0.241084526707 0.286332071061
0.286 3.70036188609 13.4709807314 3.25687294844 58.4889988806 0.241769549922 0.286815542759
0.287 3.67712517561 13.4863699376 3.269748254 58.3836870787 0.242448358537 0.287291005377
0.288 3.65400574316 13.5015002093 3.28249815539 58.2777720997 0.243120994297 0.287758624522
0.289 3.63100593697 13.5163777346 3.29512393255 58.1712860456 0.243787499672 0.288218562252
0.29 3.60812794604 13.531008526 3.30762685999 58.0642599518 0.244447917806 0.28867097713
0.291 3.58537380693 13.545398426 3.32000820634 57.9567238223 0.245102292449 0.289116024291
0.292 3.56274541022 13.5595531119 3.33226923389 57.8487066636 0.245750667916 0.289553855494
0.293 3.54024450676 13.5734781014 3.34441119822 57.7402365176 0.246393089025 0.289984619192
0.294 3.51787271365 13.5871787571 3.35643534783 57.631340493 0.247029601054 0.290408460585
0.295 3.49563152005 13.6006602913 3.36834292374 57.5220447966 0.247660249694 0.290825521682
0.296 3.47352229272 13.6139277704 3.38013515923 57.4123747623 0.248285081002 0.291235941368
0.297 3.45154628133 13.6269861199 3.39181327951 57.30235488 0.248904141362 0.291639855454
0.298 3.42970462363 13.639840128 3.40337850144 57.1920088235 0.249517477442 0.292037396747
0.299 3.40799835035 13.6524944503 3.4148320333 57.0813594768 0.25012513616 0.292428695103
0.3 3.38642838998 13.6649536135 3.42617507451 56.9704289601 0.250727164644 0.292813877488
0.301 3.36499557328 13.6772220197 3.43740881547 56.8592386551 0.251323610198 0.29319306804
0.302 3.34370063771 13.6893039497 3.44853443733 56.7478092285 0.251914520271 0.293566388123
0.303 3.32254423158 13.701203567 3.45955311179 56.6361606559 0.252499942424 0.293933956386
0.304 3.30152691817 13.7129249212 3.470466001 56.524312244 0.253079924301 0.294295888821
0.305 3.28064917953 13.7244719516 3.48127425737 56.4122826525 0.253654513604 0.294652298818
0.306 3.25991142027 13.7358484906 3.49197902343 56.300089915 0.254223758061 0.295003297223
0.307 3.23931397114 13.7470582663 3.50258143173 56.1877514595 0.254787705404 0.29534899239
0.308 3.21885709243 13.7581049066 3.51308260474 56.0752841279 0.255346403344 0.295689490237
0.309 3.19854097732 13.7689919416 3.52348365475 55.9627041952 0.25589989955 0.296024894298
0.31 3.17836575505 13.7797228064 3.53378568378 55.8500273876 0.256448241625 0.296355305777
0.311 3.15833149393 13.7903008445 3.54398978352 55.7372689004 0.256991477088 0.296680823599
0.312 3.13843820432 13.8007293102 3.55409703529 55.624443415 0.257529653354 0.29700154446
0.313 3.11868584139 13.8110113713 3.56410850996 55.5115651158 0.258062817715 0.297317562879
0.314 3.09907430785 13.8211501116 3.57402526792 55.3986477056 0.258591017322 0.297628971245
0.315 3.07960345653 13.8311485338 3.58384835908 55.2857044217 0.259114299173 0.297935859866
0.316 3.06027309283 13.8410095612 3.5935788228 55.1727480507 0.259632710093 0.298238317018
0.317 3.04108297716 13.8507360409 3.6032176879 55.0597909425 0.260146296722 0.298536428989
0.318 3.0220328272 13.8603307453 3.61276597269 54.9468450251 0.260655105501 0.298830280125
0.319 3.00312232006 13.8697963748 3.62222468491 54.8339218172 0.261159182661 0.299119952877
0.32 2.98435109443 13.8791355598 3.63159482177 54.7210324423 0.261658574206 0.299405527842
0.321 2.9657187526 13.8883508625 3.64087736997 54.6081876402 0.262153325907 0.299687083807
0.322 2.94722486236 13.8974447795 3.65007330571 54.4953977801 0.26264348329 0.299964697794
0.323 2.92886895886 13.906419743 3.65918359471 54.3826728721 0.263129091624 0.300238445096
0.324 2.91065054644 13.9152781232 3.66820919226 54.2700225786 0.263610195914 0.30050839932
0.325 2.89256910025 13.9240222299 3.67715104323 54.1574562252 0.264086840893 0.300774632429
0.326 2.87462406797 13.9326543145 3.68601008216 54.0449828117 0.264559071012 0.301037214775
0.327 2.85681487133 13.941176571 3.69478723324 53.9326110223 0.265026930432 0.301296215142
0.328 2.83914090762 13.9495911388 3.7034834104 53.8203492354 0.265490463021 0.301551700782
0.329 2.82160155113 13.9579001032 3.71209951735 53.7082055336 0.265949712343 0.301803737449
0.33 2.80419615455 13.9661054975 3.72063644766 53.5961877127 0.266404721654 0.302052389436
0.331 2.78692405024 13.9742093046 3.72909508477 53.484303291 0.266855533898 0.30229771961
0.332 2.76978455155 13.9822134579 3.73747630211 53.372559518 0.2673021917 0.302539789445
0.333 2.752776954 13.9901198433 3.74578096311 53.2609633828 0.267744737362 0.302778659056
0.334 2.73590053645 13.9979303004 3.75400992133 53.1495216221 0.268183212858 0.30301438723
0.335 2.71915456221 14.0056466236 3.76216402046 53.0382407285 0.268617659832 0.30324703146
0.336 2.7025382801 14.0132705635 3.77024409445 52.9271269581 0.269048119593 0.303476647972
0.337 2.68605092547 14.0208038282 3.77825096756 52.8161863374 0.269474633114 0.303703291759
0.338 2.66969172118 14.0282480845 3.78618545443 52.7054246713 0.269897241026 0.303927016609
0.339 2.65345987851 14.035604959 3.79404836017 52.5948475493 0.270315983618 0.304147875133
0.34 2.63735459807 14.0428760394 3.80184048046 52.4844603526 0.270730900834 0.304365918794
0.341 2.62137507065 14.0500628753 3.80956260156 52.3742682607 0.271142032272 0.304581197934
0.342 2.60552047804 14.0571669795 3.81721550049 52.2642762573 0.27154941718 0.304793761801
0.343 2.58978999379 14.0641898289 3.82479994503 52.1544891367 0.271953094459 0.305003658575
0.344 2.57418278396 14.0711328655 3.83231669384 52.0449115097 0.272353102659 0.305210935394
0.345 2.55869800785 14.0779974976 3.83976649657 51.9355478091 0.272749479976 0.305415638377
0.346 2.54333481865 14.0847851003 3.84715009389 51.8264022954 0.273142264258 0.305617812652
0.347 2.52809236411 14.0914970169 3.85446821761 51.717479062 0.273531492997 0.305817502375
0.348 2.51296978715 14.0981345594 3.86172159077 51.6087820408 0.273917203335 0.306014750757
0.349 2.49796622645 14.1046990096 3.86891092772 51.5003150066 0.27429943206 0.306209600085
0.35 2.48308081704 14.1111916196 3.8760369342 51.3920815824 0.274678215609 0.306402091743
0.351 2.46831269078 14.1176136131 3.88310030746 51.2840852439 0.275053590066 0.306592266236
0.352 2.45366097693 14.1239661858 3.89010173629 51.1763293241 0.275425591163 0.306780163208
0.353 2.43912480262 14.1302505061 3.89704190117 51.0688170179 0.275794254283 0.306965821465
0.354 2.4247032933 14.1364677163 3.90392147433 50.961551386 0.276159614458 0.307149278994
0.355 2.41039557322 14.1426189327 3.91074111984 50.8545353594 0.276521706371 0.307330572981
0.356 2.3962007658 14.1487052469 3.9175014937 50.7477717432 0.276880564358 0.307509739831
0.357 2.3821179941 14.1547277259 3.92420324392 50.6412632207 0.277236222407 0.30768681519
0.358 2.36814638113 14.1606874131 3.93084701065 50.5350123567 0.277588714162 0.307861833956
0.359 2.35428505028 14.1665853289 3.9374334262 50.4290216019 0.277938072922 0.308034830301
0.36 2.34053312563 14.1724224712 3.94396311519 50.3232932955 0.278284331645 0.308205837689
0.361 2.32688973227 14.1781998161 3.9504366946 50.2178296695 0.278627522947 0.30837488889
0.362 2.31335399666 14.1839183183 3.95685477389 50.1126328515 0.278967679106 0.308542015997
0.363 2.29992504687 14.189578912 3.96321795506 50.007704868 0.279304832062 0.308707250444
0.364 2.2866020129 14.1951825111 3.96952683272 49.9030476478 0.279639013421 0.308870623019
0.365 2.27338402693 14.2007300097 3.97578199425 49.7986630245 0.279970254455 0.309032163878
0.366 2.26027022359 14.206222283 3.9819840198 49.6945527398 0.280298586104 0.309191902566
0.367 2.24725974017 14.2116601874 3.98813348242 49.5907184464 0.280624038981 0.309349868023
0.368 2.23435171688 14.2170445613 3.99423094815 49.4871617106 0.28094664337 0.309506088604
0.369 2.22154529703 14.2223762253 4.0002769761 49.3838840147 0.281266429232 0.309660592091
0.37 2.20883962728 14.2276559828 4.00627211849 49.2808867601 0.281583426205 0.309813405704
0.371 2.19623385778 14.2328846202 4.01221692081 49.1781712696 0.281897663606 0.30996455612
0.372 2.18372714238 14.2380629079 4.01811192184 49.0757387897 0.282209170435 0.310114069477
0.373 2.17131863879 14.2431916001 4.02395765377 48.9735904929 0.282517975377 0.310261971394
0.374 2.15900750874 14.2482714355 4.02975464224 48.8717274805 0.282824106804 0.31040828698
0.375 2.14679291815 14.2533031376 4.03550340647 48.7701507841 0.283127592778 0.310553040846
0.376 2.13467403723 14.2582874152 4.04120445931 48.6688613683 0.283428461052 0.310696257114
0.377 2.12265004066 14.2632249626 4.04685830733 48.5678601326 0.283726739074 0.310837959433
0.378 2.11072010768 14.2681164603 4.05246545087 48.4671479132 0.28402245399 0.310978170986
0.379 2.09888342223 14.2729625748 4.05802638418 48.3667254853 0.284315632646 0.311116914503
0.38 2.08713917301 14.2777639593 4.06354159542 48.266593565 0.28460630159 0.311254212269
0.381 2.07548655366 14.2825212541 4.06901156681 48.1667528108 0.284894487074 0.311390086137
0.382 2.06392476278 14.2872350867 4.07443677465 48.0672038256 0.28518021506 0.311524557536
0.383 2.05245300408 14.2919060723 4.07981768942 47.9679471586 0.285463511219 0.311657647479
0.384 2.04107048639 14.2965348139 4.08515477584 47.8689833067 0.285744400935 0.311789376577
0.385 2.02977642379 14.3011219027 4.09044849298 47.7703127162 0.286022909307 0.311919765042
0.386 2.01857003568 14.3056679185 4.09569929429 47.6719357845 0.286299061156 0.312048832703
0.387 2.00745054679 14.3101734298 4.10090762767 47.5738528617 0.28657288102 0.312176599009
0.388 1.9964171873 14.3146389941 4.10607393559 47.4760642517 0.286844393162 0.312303083039
0.389 1.98546919285 14.3190651582 4.11119865511 47.3785702141 0.287113621573 0.312428303511
0.39 1.9746058046 14.3234524585 4.11628221797 47.2813709653 0.287380589972 0.312552278791
0.391 1.9638262693 14.3278014213 4.12132505066 47.1844666801 0.28764532181 0.312675026898
0.392 1.95312983927 14.3321125627 4.12632757449 47.0878574929 0.287907840273 0.312796565515
0.393 1.94251577249 14.3363863894 4.13129020564 46.9915434989 0.288168168283 0.312916911992
0.394 1.93198333259 14.3406233983 4.13621335525 46.8955247553 0.288426328505 0.313036083358
0.395 1.92153178891 14.3448240773 4.14109742947 46.799801283 0.288682343342 0.313154096327
0.396 1.91116041648 14.3489889051 4.14594282952 46.7043730671 0.288936234947 0.313270967303
0.397 1.9008684961 14.3531183515 4.15074995178 46.6092400585 0.289188025219 0.313386712387
0.398 1.89065531429 14.3572128778 4.15551918783 46.5144021749 0.289437735806 0.313501347385
0.399 1.88052016334 14.3612729369 4.16025092451 46.4198593017 0.289685388113 0.313614887816
0.4 1.87046234131 14.3652989733 4.16494554399 46.3256112932 0.289931003297 0.313727348913
0.401 1.86048115203 14.3692914236 4.16960342385 46.2316579737 0.290174602278 0.313838745634
0.402 1.85057590513 14.3732507165 4.17422493711 46.1379991383 0.290416205732 0.313949092668
0.403 1.84074591599 14.3771772729 4.1788104523 46.0446345539 0.290655834103 0.314058404435
0.404 1.83099050579 14.3810715064 4.18336033353 45.9515639602 0.290893507599 0.3141666951
0.405 1.82130900148 14.384933823 4.18787494052 45.8587870705 0.291129246199 0.314273978573
0.406 1.81170073575 14.3887646218 4.19235462869 45.7663035727 0.29136306965 0.314380268514
0.407 1.80216504709 14.3925642947 4.19679974921 45.67411313 0.291594997477 0.314485578344
0.408 1.79270127971 14.3963332268 4.20121064903 45.5822153819 0.291825048979 0.314589921243
0.409 1.78330878356 14.4000717964 4.20558767096 45.4906099447 0.292053243234 0.31469331016
0.41 1.77398691431 14.4037803755 4.20993115372 45.3992964126 0.292279599104 0.314795757816
0.411 1.76473503333 14.4074593293 4.214241432 45.3082743584 0.292504135231 0.314897276709
0.412 1.75555250767 14.4111090171 4.21851883649 45.217543334 0.292726870047 0.31499787912
0.413 1.74643871005 14.4147297919 4.22276369395 45.1271028714 0.292947821771 0.315097577116
0.414 1.73739301884 14.4183220007 4.22697632728 45.036952483 0.293167008413 0.315196382553
0.415 1.72841481803 14.4218859846 4.23115705552 44.9470916629 0.293384447779 0.315294307084
0.416 1.71950349718 14.425422079 4.23530619395 44.8575198869 0.293600157468 0.315391362162
0.417 1.71065845146 14.4289306138 4.2394240541 44.7682366136 0.29381415488 0.315487559043
0.418 1.70187908157 14.4324119131 4.24351094385 44.6792412846 0.294026457213 0.31558290879
0.419 1.69316479371 14.435866296 4.24756716743 44.5905333256 0.29423708147 0.31567742228
0.42 1.6845149996 14.439294076 4.25159302547 44.5021121464 0.29444604446 0.315771110203
0.421 1.67592911639 14.4426955617 4.2555888151 44.413977142 0.294653362797 0.315863983071
0.422 1.66740656668 14.4460710565 4.25955482993 44.3261276929 0.294859052906 0.315956051217
0.423 1.65894677846 14.4494208588 4.26349136012 44.2385631654 0.295063131026 0.316047324801
0.424 1.65054918508 14.4527452625 4.26739869246 44.1512829126 0.295265613208 0.316137813816
0.425 1.64221322523 14.4560445563 4.27127711036 44.0642862745 0.29546651532 0.316227528084
0.426 1.63393834291 14.4593190247 4.27512689393 43.9775725789 0.295665853048 0.316316477269
0.427 1.62572398736 14.4625689474 4.27894832 43.8911411414 0.2958636419 0.316404670872
0.428 1.61756961306 14.4657945996 4.28274166219 43.804991266 0.296059897207 0.316492118239
0.429 1.6094746797 14.4689962525 4.28650719094 43.7191222458 0.296254634125 0.316578828561
0.43 1.60143865211 14.4721741727 4.29024517352 43.6335333632 0.296447867634 0.316664810883
0.431 1.59346100024 14.4753286226 4.29395587413 43.5482238904 0.296639612549 0.316750074098
0.432 1.58554119914 14.4784598609 4.29763955391 43.4631930897 0.29682988351 0.316834626957
0.433 1.57767872891 14.4815681418 4.30129647095 43.3784402141 0.297018694995 0.31691847807
0.434 1.56987307464 14.4846537159 4.3049268804 43.2939645075 0.297206061315 0.317001635907
0.435 1.56212372642 14.4877168298 4.30853103445 43.2097652051 0.297391996619 0.317084108804
0.436 1.55443017924 14.4907577264 4.31210918238 43.1258415339 0.297576514893 0.317165904961
0.437 1.54679193303 14.4937766449 4.31566157062 43.0421927128 0.297759629968 0.317247032451
0.438 1.53920849253 14.4967738208 4.31918844276 42.9588179533 0.297941355514 0.317327499216
0.439 1.53167936734 14.4997494862 4.32269003961 42.8757164596 0.29812170505 0.317407313073
0.44 1.52420407182 14.5027038695 4.32616659922 42.7928874288 0.298300691937 0.317486481718
0.441 1.51678212506 14.5056371958 4.32961835693 42.7103300516 0.298478329388 0.317565012723
0.442 1.50941305087 14.508549687 4.33304554538 42.6280435122 0.298654630466 0.317642913545
0.443 1.50209637772 14.5114415615 4.33644839458 42.5460269888 0.298829608086 0.317720191522
0.444 1.4948316387 14.5143130344 4.33982713191 42.4642796539 0.299003275017 0.317796853879
0.445 1.48761837146 14.517164318 4.34318198219 42.3828006746 0.299175643882 0.31787290773
0.446 1.48045611822 14.5199956212 4.34651316767 42.3015892128 0.299346727165 0.317948360079
0.447 1.4733444257 14.52280715 4.34982090811 42.2206444254 0.299516537208 0.318023217823
0.448 1.46628284508 14.5255991074 4.35310542077 42.1399654647 0.299685086211 0.318097487753
0.449 1.45927093195 14.5283716934 4.35636692047 42.0595514785 0.299852386242 0.318171176555
0.45 1.4523082463 14.5311251051 4.35960561961 41.9794016105 0.30001844923 0.318244290817
0.451 1.44539435246 14.5338595371 4.3628217282 41.8995150006 0.30018328697 0.318316837025
0.452 1.43852881908 14.5365751808 4.36601545391 41.8198907847 0.300346911126 0.318388821567
0.453 1.43171121904 14.5392722252 4.36918700206 41.7405280955 0.300509333231 0.318460250736
0.454 1.42494112948 14.5419508565 4.37233657569 41.6614260622 0.300670564687 0.318531130731
0.455 1.41821813171 14.5446112584 4.37546437558 41.582583811 0.300830616771 0.318601467658
0.456 1.4115418112 14.547253612 4.37857060026 41.5040004654 0.300989500634 0.318671267533
0.457 1.40491175751 14.5498780957 4.38165544605 41.425675146 0.301147227299 0.318740536282
0.458 1.3983275643 14.5524848856 4.38471910711 41.347606971 0.301303807671 0.318809279745
0.459 1.39178882924 14.5550741555 4.38776177542 41.2697950564 0.301459252529 0.318877503674
0.46 1.38529515399 14.5576460766 4.39078364086 41.1922385161 0.301613572535 0.31894521374
0.461 1.37884614418 14.5602008177 4.39378489119 41.1149364619 0.301766778233 0.319012415528
0.462 1.37244140935 14.5627385457 4.39676571212 41.037888004 0.301918880046 0.319079114544
0.463 1.36608056292 14.5652594249 4.39972628731 40.9610922509 0.302069888285 0.319145316213
0.464 1.35976322215 14.5677636173 4.40266679839 40.8845483098 0.302219813147 0.319211025884
0.465 1.3534890081 14.5702512831 4.40558742501 40.8082552863 0.302368664713 0.319276248825
0.466 1.34725754562 14.5727225801 4.40848834484 40.7322122854 0.302516452955 0.319340990234
0.467 1.34106846324 14.5751776641 4.41136973362 40.6564184106 0.302663187735 0.319405255229
0.468 1.33492139324 14.5776166887 4.41423176516 40.5808727647 0.302808878805 0.319469048859
0.469 1.32881597151 14.5800398057 4.41707461139 40.5055744501 0.302953535811 0.319532376102
0.47 1.32275183759 14.5824471647 4.41989844235 40.4305225681 0.303097168291 0.319595241862
0.471 1.31672863459 14.5848389134 4.42270342626 40.35571622 0.303239785679 0.319657650977
0.472 1.31074600916 14.5872151976 4.42548972949 40.2811545066 0.303381397308 0.319719608217
0.473 1.30480361147 14.5895761613 4.42825751662 40.2068365284 0.303522012405 0.319781118284
0.474 1.29890109518 14.5919219465 4.43100695045 40.132761386 0.303661640097 0.319842185816
0.475 1.29303811736 14.5942526935 4.43373819204 40.0589281801 0.303800289413 0.319902815386
0.476 1.28721433851 14.5965685406 4.4364514007 39.9853360111 0.303937969281 0.319963011502
0.477 1.2814294225 14.5988696246 4.43914673402 39.9119839803 0.304074688533 0.320022778614
0.478 1.27568303652 14.6011560803 4.44182434793 39.8388711888 0.304210455905 0.320082121108
0.479 1.26997485108 14.603428041 4.44448439666 39.7659967384 0.304345280037 0.320141043309
0.48 1.26430453995 14.6056856383 4.4471270328 39.6933597315 0.304479169477 0.320199549487
0.481 1.25867178014 14.6079290021 4.44975240732 39.6209592711 0.304612132677 0.32025764385
0.482 1.25307625186 14.6101582606 4.45236066957 39.5487944609 0.304744178 0.320315330552
0.483 1.24751763848 14.6123735405 4.45495196733 39.4768644054 0.304875313719 0.320372613689
0.484 1.24199562653 14.6145749669 4.45752644679 39.4051682101 0.305005548015 0.320429497303
0.485 1.23650990563 14.6167626634 4.4600842526 39.3337049815 0.305134888983 0.320485985381
0.486 1.23106016845 14.6189367521 4.46262552789 39.2624738272 0.30526334463 0.320542081857
0.487 1.22564611074 14.6210973535 4.46515041426 39.1914738558 0.305390922877 0.320597790614
0.488 1.22026743122 14.6232445867 4.46765905183 39.1207041773 0.305517631558 0.320653115483
0.489 1.21492383162 14.6253785694 4.47015157924 39.0501639031 0.305643478427 0.320708060242
0.49 1.20961501659 14.6274994177 4.47262813369 38.9798521456 0.30576847115 0.320762628623
0.491 1.20434069372 14.6296072464 4.47508885091 38.9097680191 0.305892617315 0.320816824307
0.492 1.19910057344 14.6317021692 4.47753386524 38.839910639 0.306015924427 0.320870650926
0.493 1.19389436908 14.6337842979 4.4799633096 38.7702791227 0.306138399911 0.320924112067
0.494 1.18872179678 14.6358537434 4.48237731553 38.7008725889 0.306260051113 0.320977211269
0.495 1.18358257545 14.637910615 4.4847760132 38.6316901581 0.306380885301 0.321029952025
0.496 1.17847642681 14.6399550211 4.48715953142 38.5627309526 0.306500909666 0.321082337784
0.497 1.17340307526 14.6419870683 4.48952799768 38.4939940966 0.306620131321 0.32113437195
0.498 1.16836224797 14.6440068624 4.49188153814 38.4254787159 0.306738557305 0.321186057882
0.499 1.16335367472 14.6460145077 4.49422027765 38.3571839385 0.306856194584 0.3212373989
0.5 1.158377088 14.6480101073 4.49654433978 38.2891088943 0.306973050048 0.321288398278
0.501 1.15343222288 14.6499937634 4.49885384683 38.221252715 0.307089130514 0.32133905925
0.502 1.14851881705 14.6519655766 4.50114891984 38.1536145347 0.307204442729 0.321389385009
0.503 1.14363661076 14.6539256466 4.5034296786 38.0861934894 0.307318993369 0.321439378708
0.504 1.13878534677 14.6558740718 4.50569624169 38.0189887173 0.307432789038 0.321489043459
0.505 1.13396477041 14.6578109498 4.50794872645 37.9519993588 0.307545836271 0.321538382338
0.506 1.12917462944 14.6597363766 4.51018724905 37.8852245566 0.307658141537 0.32158739838
0.507 1.12441467411 14.6616504475 4.51241192447 37.8186634556 0.307769711236 0.321636094583
0.508 1.1196846571 14.6635532566 4.51462286651 37.752315203 0.307880551698 0.321684473908
0.509 1.11498433348 14.6654448969 4.51682018782 37.6861789485 0.307990669193 0.32173253928
0.51 1.11031346073 14.6673254605 4.51900399991 37.6202538439 0.30810006992 0.321780293587
0.511 1.10567179866 14.6691950382 4.52117441317 37.5545390437 0.308208760018 0.321827739683
0.512 1.10105910942 14.67105372 4.52333153685 37.4890337047 0.308316745558 0.321874880384
0.513 1.09647515747 14.6729015948 4.52547547912 37.4237369863 0.308424032552 0.321921718475
0.514 1.09191970956 14.6747387507 4.52760634706 37.3586480502 0.308530626948 0.321968256707
0.515 1.08739253467 14.6765652747 4.52972424668 37.2937660609 0.308636534632 0.322014497795
0.516 1.08289340403 14.6783812527 4.5318292829 37.2290901853 0.308741761429 0.322060444424
0.517 1.0784220911 14.6801867699 4.53392155962 37.164619593 0.308846313107 0.322106099244
0.518 1.07397837148 14.6819819105 4.53600117968 37.100353456 0.30895019537 0.322151464877
0.519 1.06956202297 14.6837667577 4.53806824491 37.0362909492 0.309053413868 0.32219654391
0.52 1.06517282551 14.6855413939 4.54012285613 36.97243125 0.309155974189 0.322241338901
0.521 1.06081056112 14.6873059005 4.54216511313 36.9087735386 0.309257881867 0.322285852377
0.522 1.05647501395 14.6890603582 4.54419511474 36.8453169979 0.309359142378 0.322330086836
0.523 1.05216597021 14.6908048466 4.54621295879 36.7820608133 0.309459761141 0.322374044745
0.524 1.04788321817 14.6925394447 4.54821874217 36.7190041734 0.309559743521 0.322417728543
0.525 1.0436265481 14.6942642304 4.55021256078 36.656146269 0.309659094829 0.322461140641
0.526 1.0393957523 14.6959792811 4.5521945096 36.5934862941 0.309757820321 0.322504283421
0.527 1.03519062506 14.6976846731 4.55416468267 36.5310234454 0.3098559252 0.322547159236
0.528 1.03101096261 14.6993804819 4.5561231731 36.4687569224 0.309953414616 0.322589770413
0.529 1.02685656314 14.7010667824 4.5580700731 36.4066859273 0.310050293666 0.322632119254
0.53 1.02272722675 14.7027436487 4.56000547397 36.3448096653 0.310146567398 0.32267420803
0.531 1.01862275547 14.7044111538 4.56192946611 36.2831273445 0.310242240808 0.322716038989
0.532 1.01454295317 14.7060693704 4.56384213906 36.2216381756 0.310337318839 0.322757614353
0.533 1.01048762561 14.70771837 4.56574358148 36.1603413724 0.310431806389 0.322798936318
0.534 1.00645658038 14.7093582238 4.56763388115 36.0992361517 0.310525708304 0.322840007054
0.535 1.0024496269 14.710989002 4.56951312504 36.0383217328 0.310619029381 0.322880828709
0.536 0.99846657639 14.7126107741 4.57138139924 35.9775973383 0.31071177437 0.322921403403
0.537 0.994507241843 14.7142236089 4.57323878902 35.9170621935 0.310803947974 0.322961733235
0.538 0.990571438029 14.7158275746 4.57508537884 35.8567155268 0.310895554848 0.323001820279
0.539 0.986658981458 14.7174227385 4.57692125234 35.7965565692 0.310986599602 0.323041666587
0.54 0.982769690369 14.7190091674 4.57874649235 35.7365845551 0.311077086798 0.323081274186
0.541 0.978903384708 14.7205869274 4.58056118091 35.6767987215 0.311167020954 0.323120645082
0.542 0.975059886114 14.7221560839 4.58236539927 35.6171983085 0.311256406545 0.323159781257
0.543 0.971239017897 14.7237167016 4.58415922791 35.557782559 0.311345247997 0.323198684674
0.544 0.967440605021 14.7252688447 4.58594274655 35.4985507191 0.311433549698 0.323237357271
0.545 0.963664474091 14.7268125765 4.58771603413 35.4395020378 0.311521315988 0.323275800966
0.546 0.959910453328 14.7283479599 4.58947916885 35.3806357669 0.311608551166 0.323314017656
0.547 0.956178372558 14.7298750571 4.59123222818 35.3219511614 0.31169525949 0.323352009218
0.548 0.952468063194 14.7313939297 4.59297528883 35.2634474791 0.311781445174 0.323389777506
0.549 0.948779358216 14.7329046387 4.59470842681 35.2051239808 0.311867112393 0.323427324357
0.55 0.945112092158 14.7344072444 4.5964317174 35.1469799305 0.311952265278 0.323464651585
0.551 0.941466101089 14.7359018066 4.59814523517 35.0890145949 0.312036907922 0.323501760987
0.552 0.937841222601 14.7373883846 4.59984905398 35.0312272437 0.312121044378 0.323538654338
0.553 0.934237295785 14.7388670369 4.60154324703 34.9736171499 0.312204678658 0.323575333395
0.554 0.930654161226 14.7403378216 4.60322788679 34.9161835891 0.312287814737 0.323611799898
0.555 0.927091660976 14.7418007962 4.60490304508 34.8589258402 0.31237045655 0.323648055565
0.556 0.923549638548 14.7432560177 4.60656879304 34.8018431848 0.312452607994 0.323684102098
0.557 0.920027938896 14.7447035424 4.60822520116 34.7449349076 0.312534272928 0.32371994118
0.558 0.916526408398 14.7461434261 4.60987233924 34.6882002964 0.312615455176 0.323755574476
0.559 0.913044894845 14.7475757243 4.61151027647 34.6316386417 0.312696158521 0.323791003634
0.56 0.909583247427 14.7490004916 4.61313908138 34.5752492374 0.312776386713 0.323826230284
0.561 0.906141316712 14.7504177823 4.61475882186 34.51903138 0.312856143465 0.323861256039
0.562 0.902718954639 14.7518276502 4.61636956519 34.462984369 0.312935432453 0.323896082495
0.563 0.899316014498 14.7532301485 4.617971378 34.4071075071 0.31301425732 0.323930711231
0.564 0.89593235092 14.7546253299 4.61956432634 34.3514000998 0.313092621672 0.323965143811
0.565 0.892567819859 14.7560132468 4.62114847564 34.2958614556 0.313170529082 0.323999381781
0.566 0.889222278582 14.7573939507 4.62272389071 34.2404908859 0.313247983089 0.324033426671
0.567 0.885895585653 14.7587674931 4.6242906358 34.1852877052 0.313324987197 0.324067279996
0.568 0.88258760092 14.7601339245 4.62584877454 34.1302512308 0.313401544877 0.324100943255
0.569 0.879298185501 14.7614932955 4.62739837001 34.075380783 0.313477659568 0.324134417932
0.57 0.876027201773 14.7628456558 4.62893948468 34.0206756851 0.313553334676 0.324167892609
