T I E P S E/P CS2 (GeV^n)
0.07 0.218287926567 0.716587926567 0.1661 12.6098275224 0.231792908926 0.237433137933
0.071 0.221159111502 0.728809085523 0.169216658007 12.6482499089 0.232182421115 0.237149354007
0.072 0.22414428498 0.7411363072 0.172330674073 12.6870414066 0.2325222397 0.236865570081
0.073 0.227251991533 0.753583247827 0.175443752098 12.7263972592 0.232812701986 0.236518879486
0.074 0.230490964688 0.766163896601 0.178557643971 12.766507305 0.233054108609 0.236109830257
0.075 0.233870126542 0.778892575135 0.181674149531 12.8075563289 0.233246734313 0.235639087362
0.076 0.237398587307 0.791783936864 0.184795116519 12.8497243866 0.233390837974 0.235107439537
0.077 0.241085644817 0.804852966409 0.18792244053 12.8931871031 0.233486671943 0.234515804705
0.078 0.24494078401 0.818114978894 0.191058064961 12.9381159469 0.233534490738 0.233865233925
0.079 0.248973676366 0.831585619228 0.194203980954 12.9846784833 0.233534559117 0.233156913875
0.08 0.253194179313 0.845280861323 0.197362227337 13.0330386082 0.233487159555 0.232392167859
0.081 0.257612335594 0.859217007273 0.20053489056 13.0833567634 0.233392599148 0.231572455334
0.082 0.262238372587 0.873410686474 0.203724104629 13.1357901354 0.233251215933 0.230699369999
0.083 0.267082701587 0.887878854687 0.206932051033 13.19049284 0.233063384651 0.229774636472
0.084 0.272155917041 0.902638793043 0.210160958667 13.2476160918 0.232829521938 0.228800105613
0.085 0.277468795732 0.917708106984 0.213413103751 13.3073083616 0.232550090957 0.227777748571
0.086 0.283032295915 0.933104725139 0.216690809741 13.3697155219 0.232225605448 0.226709649629
0.087 0.2888575564 0.948846898133 0.219996447244 13.4349809814 0.231856633222 0.225597997961
0.088 0.294955895579 0.96495319732 0.223332433914 13.5032458095 0.231443799071 0.2244450784
0.089 0.301338810394 0.981442513442 0.226701234349 13.5746488516 0.230987787103 0.223253261356
0.09 0.308017975246 0.99833405521 0.230105359988 13.6493268355 0.230489342507 0.222024992007
0.091 0.315005240835 1.0156473478 0.233547368988 13.7274144702 0.229949272741 0.220762778906
0.092 0.322312632943 1.03340223126 0.237029866107 13.8090445366 0.229368448157 0.219469182151
0.093 0.329952351135 1.05161885885 0.24055550257 13.8943479722 0.228747802064 0.218146801254
0.094 0.337936767397 1.07031769521 0.244126975939 13.9834539484 0.228088330251 0.216798262873
0.095 0.346278424693 1.08951951457 0.24774702996 14.0764899425 0.227391089968 0.215426208524
0.096 0.354990035444 1.1092453987 0.25141845442 14.1735818034 0.226657198411 0.214033282436
0.097 0.364084479918 1.12951673485 0.255144084978 14.2748538127 0.225887830702 0.212622119651
0.098 0.373574804547 1.15035521355 0.258926803002 14.3804287403 0.225084217424 0.211195334514
0.099 0.383474220138 1.1717828263 0.262769535388 14.4904278959 0.224247641704 0.209755509644
0.1 0.3937961 1.19382186312 0.266675254374 14.6049711749 0.223379435921 0.208305185488
0.101 0.404553977967 1.21649490998 0.270646977339 14.7241771022 0.222480978028 0.206846850542
0.102 0.415761546324 1.23982484612 0.2746877666 14.8481628698 0.22155368757 0.20538293231
0.103 0.427432653622 1.26383484119 0.27880072919 14.9770443726 0.220599021409 0.203915789051
0.104 0.439581302384 1.28854835227 0.28298901663 15.1109362395 0.21961846921 0.20244770236
0.105 0.452221646697 1.31398912076 0.287255824689 15.2499518615 0.218613548735 0.200980870612
0.106 0.465367989682 1.34018116907 0.291604393128 15.3942034169 0.217585800979 0.199517403278
0.107 0.479034780841 1.36714879716 0.29603800544 15.5438018934 0.216536785209 0.198059316122
0.108 0.49323661327 1.39491657896 0.300559988563 15.6988571067 0.215468073931 0.196608527266
0.109 0.50798822075 1.42350935855 0.305173712598 15.8594777169 0.214381247841 0.195166854104
0.11 0.523304474682 1.45295224618 0.309882590498 16.0257712425 0.2132778908 0.193736011039
0.111 0.539200380889 1.48327061412 0.314690077745 16.1978440709 0.212159584872 0.192317608008
0.112 0.555691076262 1.51449009233 0.319599672023 16.3758014675 0.211027905459 0.190913149744
0.113 0.572791825255 1.54663656383 0.324614912859 16.5597475814 0.209884416579 0.189524035741
0.114 0.590518016213 1.57973616 0.329739381261 16.7497854496 0.208730666304 0.188151560857
0.115 0.608885157535 1.61381525553 0.334976699332 16.9460169988 0.207568182408 0.186796916507
0.116 0.627908873664 1.64890046327 0.34033052987 17.1485430444 0.206398468222 0.185461192391
0.117 0.647604900898 1.68501862874 0.345804575948 17.3574632879 0.205222998755 0.184145378691
0.118 0.66798908301 1.72219682444 0.351402580475 17.5728763128 0.204043217064 0.182850368691
0.119 0.689077366681 1.76046234391 0.357128325745 17.794879577 0.202860530916 0.181576961759
0.12 0.710885796732 1.79984269559 0.362985632951 18.0235694045 0.201676309736 0.180325866626
0.121 0.733430511147 1.84036559623 0.368978361695 18.2590409746 0.200491881858 0.179097704937
0.122 0.756727735883 1.88205896428 0.375110409467 18.5013883094 0.199308532084 0.177893014985
0.123 0.780793779464 1.92495091276 0.3813857111 18.7507042591 0.198127499549 0.17671225562
0.124 0.805645027342 1.96906974198 0.387808238212 19.0070804854 0.196949975892 0.175555810266
0.125 0.831297936022 2.01444393187 0.394381998614 19.2706074438 0.195777103734 0.174423991009
0.126 0.857769026948 2.06110213406 0.401111035703 19.5413743632 0.194609975447 0.173317042723
0.127 0.885074880129 2.10907316359 0.407999427821 19.8194692237 0.193449632219 0.17223514721
0.128 0.913232127518 2.15838599029 0.415051287591 20.1049787334 0.192297063388 0.171178427296
0.129 0.942257446107 2.20906972981 0.422270761233 20.3979883026 0.191153206047 0.170146950899
0.13 0.972167550759 2.26115363428 0.429662027841 20.6985820163 0.190018944899 0.169140735004
0.131 1.00297918675 2.31466708267 0.43722929864 21.0068426054 0.188895112353 0.168159749552
0.132 1.03470912199 2.36963957062 0.44497681621 21.3228514154 0.187782488834 0.167203921228
0.133 1.06737413902 2.42610070006 0.452908853678 21.6466883739 0.186681803302 0.16627313711
0.134 1.10099102658 2.48408016823 0.461029713884 21.9784319561 0.185593733962 0.165367248196
0.135 1.13557657095 2.54360775647 0.469343728508 22.318159148 0.184518909141 0.164486072787
0.136 1.1711475469 2.60471331841 0.47785525717 22.6659454087 0.183457908321 0.163629399718
0.137 1.20772070834 2.66742676782 0.486568686492 23.02186463 0.182411263305 0.162796991434
0.138 1.24531277858 2.73177806596 0.495488429124 23.3859890948 0.181379459517 0.161988586921
0.139 1.28394044026 2.79779720847 0.504618922738 23.7583894331 0.180362937389 0.16120390447
0.14 1.32362032484 2.86551421176 0.513964628976 24.1391345767 0.179362093849 0.160442644285
0.141 1.36436900181 2.93495909892 0.523530032371 24.5282917113 0.178377283882 0.159704490945
0.142 1.4062029674 3.00616188506 0.53331963922 24.9259262273 0.17740882215 0.158989115706
0.143 1.44913863294 3.07915256219 0.543337976417 25.3321016686 0.176456984655 0.158296178656
0.144 1.49319231279 3.15396108352 0.553589590244 25.7468796789 0.175522010445 0.157625330727
0.145 1.5383802118 3.23061734718 0.564079045126 26.1703199469 0.174604103336 0.156976215564
0.146 1.5847184124 3.30915117939 0.574810922327 26.6024801487 0.17370343365 0.156348471267
0.147 1.63222286114 3.389592317 0.585789818617 27.0434158885 0.172820139956 0.155741731991
0.148 1.68090935485 3.47197038948 0.597020344877 27.4931806375 0.171954330799 0.155155629434
0.149 1.73079352622 3.55631490021 0.608507124665 27.9518256703 0.171106086423 0.154589794202
0.15 1.781890829 3.64265520719 0.620254792729 28.4193999995 0.170275460468 0.154043857065
0.151 1.83421652259 3.731020503 0.63226799347 28.8959503077 0.169462481635 0.153517450104
0.152 1.88778565612 3.82143979417 0.644551379351 29.3815208785 0.168667155331 0.153010207763
0.153 1.94261305206 3.91394187983 0.657109609255 29.8761535234 0.167889465258 0.152521767807
0.154 1.9987132892 4.00855532955 0.669947346783 30.3798875086 0.167129374976 0.15205177219
0.155 2.05610068508 4.10530846058 0.683069258499 30.8927594779 0.166386829409 0.151599867841
0.156 2.11478927787 4.20422931422 0.696480012117 31.414803374 0.165661756308 0.151165707381
0.157 2.17479280764 4.30534563151 0.710184274623 31.9460503575 0.164954067666 0.150748949763
0.158 2.23612469694 4.40868482798 0.724186710345 32.4865287236 0.164263661069 0.150349260846
0.159 2.2987980309 4.51427396774 0.738491978948 33.0362638157 0.163590421012 0.149966313915
0.16 2.36282553652 4.62213973665 0.753104733375 33.5952779376 0.162934220141 0.149599790141
0.161 2.42821956143 4.73230841458 0.768029617715 34.1635902627 0.162294920456 0.149249378989
0.162 2.49499205188 4.8448058469 0.783271265007 34.7412167402 0.161672374448 0.148914778588
0.163 2.56315453007 4.95965741497 0.798834294968 35.3281699996 0.161066426192 0.148595696046
0.164 2.63271807078 5.07688800576 0.814723311661 35.9244592526 0.16047691238 0.14829184774
0.165 2.70369327721 5.19652198044 0.830942901076 36.530090191 0.159903663297 0.148002959564
0.166 2.77609025617 5.3185831421 0.847497628646 37.145064884 0.159346503759 0.147728767146
0.167 2.84991859234 5.44309470238 0.864392036681 37.769381671 0.158805253986 0.147469016043
0.168 2.92518732193 5.57007924711 0.881630641726 38.4030350526 0.158279730434 0.147223461907
0.169 3.00190490539 5.69955870089 0.899217931835 39.0460155783 0.157769746576 0.146495267176
0.17 3.08185860224 5.83334939414 0.917163597301 39.7088999497 0.15722761236 0.146340951121
0.171 3.16133982402 5.96775453703 0.935471571003 40.3697433218 0.156754364677 0.146873157952
0.172 3.24147646595 6.10389092016 0.954138151403 41.0350527416 0.156316383088 0.147292076461
0.173 3.32157714336 6.2410600895 0.973160982046 41.7006998355 0.155928795444 0.148042676498
0.174 3.40106163862 6.37866388346 0.992534081615 42.3632066958 0.155602191893 0.149065068302
0.175 3.47944594609 6.51619151021 1.01224852137 43.0196573234 0.155343580646 0.150311091357
0.176 3.5563292699 6.65320828088 1.03229300366 43.6676209349 0.155157175317 0.151741541558
0.177 3.63138271668 6.78934578192 1.05265435508 44.3050855198 0.155045035103 0.15332416075
0.178 3.70433946041 6.92429329922 1.07331794627 44.9304002556 0.155007579819 0.155032154058
0.179 3.77498618666 7.0577903317 1.09426804835 45.5422255868 0.155044000589 0.156843079405
0.18 3.84315564889 7.18962005345 1.11548813486 46.1394899351 0.155152584777 0.158738003902
0.181 3.90872019233 7.31960360275 1.13696113681 46.7213521522 0.155330971254 0.160700854509
0.182 3.97158611983 7.44759509166 1.15866965728 47.2871689502 0.155576349549 0.162717912118
0.183 4.03168879066 7.57347724456 1.1805961513 47.836466644 0.155885614121 0.164777412845
0.184 4.08898835789 7.69715758544 1.20272307585 48.3689166375 0.156255482949 0.166869230469
0.185 4.14346606198 7.81856510453 1.22503301418 48.8843141552 0.156682587892 0.168984620932
0.186 4.19512100932 7.93764734368 1.24750877812 49.3825597946 0.157163542812 0.171116014827
0.187 4.24396737348 8.05436784792 1.27013349148 49.8636435262 0.157694994252 0.173256847347
0.188 4.29003196518 8.16870393711 1.29289065731 50.3276308214 0.158273658497 0.175401417765
0.189 4.33335212386 8.28064475776 1.3157642113 50.7746506299 0.158896348025 0.177544772372
0.19 4.37397388977 8.39018958 1.33873856341 51.2048849653 0.159559989753 0.179682606252
0.191 4.41195042099 8.49734630933 1.36179862945 51.6185598889 0.160261636971 0.181811180268
0.192 4.44734062406 8.60213018632 1.38492985409 52.0159377105 0.160998476434 0.183927250443
0.193 4.48020797103 8.70456265113 1.4081182267 52.3973102478 0.161767831784 0.186028007535
0.194 4.5106194793 8.80467035241 1.43135029104 52.7629930075 0.162567164215 0.188111025023
0.195 4.53864483337 8.90248428285 1.45461314983 53.1133201676 0.163394071094 0.190174214106
0.196 4.5643556305 8.99803902563 1.47789446505 53.4486402586 0.164246283089 0.192215784591
0.197 4.58782473446 9.09137209833 1.50118245462 53.7693124515 0.165121660228 0.194234210735
0.198 4.60912572345 9.18252338208 1.52446588621 54.0757033752 0.166018187243 0.196228201306
0.199 4.6283324202 9.27153462574 1.54773406851 54.3681843932 0.16693396843 0.198196673243
0.2 4.64551849365 9.35844901568 1.57097684068 54.6471292818 0.167867222234 0.20013872841
0.201 4.6607571229 9.44331080321 1.5941845601 54.9129122553 0.168816275703 0.202053633012
0.202 4.67412071545 9.52616498252 1.61734808902 55.1659062948 0.16977955893 0.20394079933
0.203 4.68568067257 9.60705701304 1.64045878016 55.4064817399 0.170755599548 0.20579976948
0.204 4.69550719565 9.68603258053 1.66350846162 55.6350051086 0.17174301736 0.207630200927
0.205 4.70366912807 9.76313739233 1.68648942142 55.8518381159 0.172740519123 0.209431853556
0.206 4.71023382789 9.83841700246 1.70939439153 56.057336864 0.17374689354 0.211204578111
0.207 4.71526706715 9.9119166628 1.73221653188 56.251851182 0.174761006454 0.212948305842
0.208 4.7188329543 9.98368119722 1.75494941431 56.4357240939 0.175781796277 0.214663039228
0.209 4.72099387631 10.0537548958 1.77758700648 56.6092913982 0.176808269638 0.216348843649
0.21 4.72181045802 10.1221814262 1.80012365606 56.772881344 0.177839497265 0.218005839917
0.211 4.72134153599 10.1890037611 1.82255407503 56.9268143891 0.178874610096 0.21963419756
0.212 4.71964414491 10.2542641179 1.84487332434 57.0714030295 0.179912795606 0.221234128792
0.213 4.71677351475 10.3180039112 1.86707679882 57.2069516903 0.180953294347 0.222805883092
0.214 4.7127830768 10.3802637144 1.88916021253 57.333756668 0.181995396698 0.224349742331
0.215 4.7077244775 10.4410832307 1.91111958441 57.4521061168 0.183038439803 0.22586601639
0.216 4.7016475985 10.5005012716 1.93295122438 57.5622800742 0.184081804704 0.227355039231
0.217 4.69460058223 10.558555742 1.95465171993 57.6645505159 0.185124913642 0.228817165353
0.218 4.68662986171 10.6152836308 1.97621792302 57.7591814394 0.186167227533 0.230252766622
0.219 4.67778019401 10.6707210066 1.99764693754 57.8464289688 0.187208243594 0.231662229422
0.22 4.66809469658 10.7249030179 2.01893610712 57.9265414776 0.188247493124 0.2330459521
0.221 4.65761488583 10.7778638963 2.04008300349 57.9997597275 0.189284539415 0.234404342673
0.222 4.64638071746 10.829636963 2.06108541516 58.0663170185 0.190318975808 0.235737816783
0.223 4.63443062809 10.8802546381 2.08194133666 58.1264393486 0.191350423857 0.237046795863
0.224 4.62180157775 10.9297484521 2.10264895811 58.1803455811 0.192378531613 0.238331705502
0.225 4.60852909294 10.9781490587 2.12320665525 58.2282476174 0.193402972022 0.239592973986
0.226 4.59464730995 11.0254862497 2.14361297992 58.2703505736 0.194423441413 0.240831031
0.227 4.58018901821 11.0717889709 2.16386665091 58.3068529596 0.195439658089 0.242046306475
0.228 4.56518570346 11.1170853388 2.18396654513 58.3379468595 0.196451360996 0.243239229569
0.229 4.54966759053 11.1614026585 2.20391168932 58.3638181127 0.19745830849 0.244410227761
0.23 4.53366368566 11.2047674416 2.22370125197 58.3846464937 0.19846027716 0.245559726057
0.231 4.5172018181 11.2472054252 2.2433345357 58.4006058914 0.199457060745 0.246688146291
0.232 4.50030868106 11.2887415909 2.26281096994 58.4118644863 0.200448469098 0.247795906515
0.233 4.48300987185 11.3294001836 2.28213010392 58.4185849251 0.201434327231 0.248883420461
0.234 4.46532993104 11.3692047312 2.30129160005 58.4209244925 0.202414474404 0.249951097089
0.235 4.44729238077 11.4081780634 2.32029522754 58.4190352805 0.203388763275 0.250999340182
0.236 4.42891976208 11.4463423311 2.33914085633 58.4130643534 0.204357059109 0.25202854801
0.237 4.41023367122 11.4837190253 2.35782845136 58.4031539099 0.205319239017 0.253039113042
0.238 4.39125479493 11.5203289959 2.376358067 58.3894414409 0.206275191259 0.254031421708
0.239 4.37200294469 11.5561924703 2.39472984188 58.3720598837 0.207224814577 0.255005854197
0.24 4.35249708994 11.5913290714 2.41294399382 58.3511377718 0.208168017572 0.255962784298
0.241 4.33275539029 11.6257578358 2.43100081516 58.3267993815 0.209104718118 0.256902579276
0.242 4.3127952266 11.6594972311 2.44890066817 58.299164873 0.210034842809 0.257825599769
0.243 4.29263323115 11.6925651735 2.46664398077 58.268350429 0.210958326439 0.258732199725
0.244 4.27228531674 11.7249790441 2.48423124246 58.2344683877 0.211875111513 0.259622726355
0.245 4.25176670478 11.756755706 2.5016630004 58.1976273729 0.212785147788 0.260497520105
0.246 4.23109195241 11.7879115195 2.5189398557 58.1579324195 0.213688391835 0.261356914657
0.247 4.21027497874 11.8184623585 2.53606245993 58.115485095 0.214584806635 0.26220123694
0.248 4.18932909002 11.8484236254 2.55303151178 58.0703836175 0.21547436119 0.263030807152
0.249 4.16826700397 11.8778102655 2.56984775385 58.0227229693 0.21635703016 0.263845938809
0.25 4.14710087327 11.9066367822 2.58651196966 57.9725950076 0.217232793522 0.264646938789
0.251 4.12584230805 11.9349172504 2.60302498078 57.9200885704 0.218101636247 0.265434107399
0.252 4.10450239767 11.96266533 2.61938764412 57.86528958 0.218963547993 0.266207738444
0.253 4.0830917316 11.9898942796 2.63560084934 57.8082811421 0.219818522822 0.266968119305
0.254 4.06162041956 12.0166169687 2.65166551637 57.7491436419 0.220666558923 0.267715531027
0.255 4.04009811082 12.0428458903 2.66758259316 57.6879548371 0.221507658361 0.268450248404
0.256 4.01853401288 12.0685931731 2.6833530534 57.6247899473 0.222341826833 0.269172540081
0.257 3.99693690931 12.0938705928 2.6989778945 57.5597217404 0.22316907344 0.269882668649
0.258 3.97531517695 12.1186895835 2.71445813552 57.4928206164 0.223989410473 0.27058089075
0.259 3.95367680247 12.1430612487 2.7297948154 57.4241546876 0.22480285321 0.27126745718
0.26 3.93202939822 12.1669963715 2.7449889911 57.3537898562 0.225609419719 0.271942612998
0.261 3.9103802175 12.1905054253 2.76004173594 57.2817898898 0.226409130683 0.272606597635
0.262 3.88873616925 12.2135985833 2.77495413801 57.2082164935 0.227202009227 0.273259645001
0.263 3.8671038321 12.2362857281 2.78972729867 57.1331293793 0.227988080751 0.2739019836
0.264 3.84548946788 12.2585764611 2.80436233109 57.0565863342 0.228767372784 0.274533836638
0.265 3.82389903469 12.2804801114 2.81886035892 56.9786432844 0.229539914835 0.275155422136
0.266 3.80233819927 12.3020057443 2.83322251501 56.8993543583 0.230305738259 0.275766953038
0.267 3.78081234905 12.3231621697 2.8474499402 56.8187719471 0.231064876125 0.276368637324
0.268 3.75932660366 12.3439579502 2.86154378218 56.7369467626 0.231817363096 0.276960678118
0.269 3.73788582589 12.364401409 2.87550519439 56.6539278938 0.232563235312 0.277543273798
0.27 3.71649463239 12.3845006375 2.88933533502 56.5697628611 0.233302530284 0.278116618102
0.271 3.69515740378 12.404263502 2.90303536608 56.4844976682 0.234035286787 0.278680900234
0.272 3.67387829445 12.4236976517 2.91660645241 56.3981768533 0.234761544766 0.279236304971
0.273 3.65266124193 12.4428105247 2.93004976091 56.3108435369 0.23548134524 0.279783012766
0.274 3.63150997588 12.4616093549 2.94336645969 56.2225394695 0.236194730219 0.280321199848
0.275 3.61042802675 12.4801011787 2.9565577173 56.1333050762 0.23690174262 0.280851038324
0.276 3.58941873406 12.4982928403 2.96962470207 56.0431795012 0.237602426189 0.281372696277
0.277 3.56848525438 12.5161909985 2.98256858136 55.9522006492 0.238296825426 0.281886337864
0.278 3.54763056892 12.5338021319 2.99539052101 55.8604052264 0.238984985519 0.282392123409
0.279 3.52685749094 12.5511325449 3.00809168466 55.7678287799 0.239666952277 0.282890209498
0.28 3.5061686727 12.5681883726 3.02067323329 55.6745057352 0.240342772064 0.28338074907
0.281 3.4855666123 12.5849755861 3.0331363246 55.5804694331 0.241012491748 0.283863891505
0.282 3.46505366009 12.6014999978 3.04548211258 55.4857521646 0.24167615864 0.284339782713
0.283 3.44463202495 12.6177672661 3.05771174705 55.3903852055 0.242333820443 0.284808565223
0.284 3.42430378022 12.6337828998 3.0698263732 55.2943988486 0.242985525202 0.285270378259
0.285 3.40407086944 12.649552263 3.08182713119 55.1978224358 0.24363132126 0.28572535783
0.286 3.38393511188 12.6650805794 3.09371515582 55.1006843887 0.244271257213 0.286173636804
0.287 3.36389820778 12.6803729362 3.10549157614 55.0030122381 0.244905381866 0.286615344992
0.288 3.34396174343 12.6954342888 3.11715751512 54.9048326524 0.245533744196 0.287050609219
0.289 3.32412719605 12.7102694642 3.12871408937 54.8061714655 0.246156393316 0.287479553403
0.29 3.30439593843 12.724883165 3.14016240886 54.707053703 0.246773378438 0.287902298625
0.291 3.28476924343 12.7392799734 3.15150357664 54.6075036083 0.247384748842 0.288318963201
0.292 3.26524828826 12.7534643541 3.16273868863 54.507544667 0.247990553845 0.288729662754
0.293 3.24583415864 12.7674406587 3.17386883334 54.4071996314 0.248590842769 0.289134510275
0.294 3.22652785271 12.781213128 3.18489509175 54.3064905432 0.249185664918 0.289533616199
0.295 3.20733028487 12.794785896 3.19581853704 54.2054387561 0.249775069549 0.289927088457
0.296 3.18824228943 12.8081629929 3.20664023448 54.1040649572 0.25035910585 0.290315032551
0.297 3.16926462407 12.8213483477 3.21736124121 54.0023891883 0.250937822915 0.290697551606
0.298 3.15039797325 12.8343457918 3.22798260618 53.9004308657 0.251511269725 0.291074746433
0.299 3.13164295141 12.8471590613 3.23850536995 53.7982088 0.252079495125 0.29144671559
0.3 3.11300010607 12.8597917998 3.24893056458 53.6957412146 0.252642547808 0.291813555432
0.301 3.09446992078 12.8722475615 3.25925921357 53.5930457644 0.253200476296 0.292175360172
0.302 3.07605281802 12.8845298132 3.26949233173 53.4901395528 0.253753328925 0.29253222193
0.303 3.0577491619 12.8966419372 3.27963092511 53.3870391496 0.254301153825 0.29288423079
0.304 3.03955926078 12.9085872335 3.28967599091 53.2837606066 0.254843998913 0.293231474847
0.305 3.02148336983 12.9203689221 3.29962851743 53.1803194739 0.255381911873 0.293574040257
0.306 3.00352169341 12.9319901455 3.30948948404 53.0767308156 0.255914940144 0.293912011289
0.307 2.98567438743 12.9434539707 3.3192598611 52.9730092242 0.256443130914 0.294245470366
0.308 2.96794156154 12.9547633913 3.32894060992 52.8691688351 0.256966531103 0.294574498115
0.309 2.95032328128 12.9659213296 3.33853268276 52.7652233408 0.257485187354 0.294899173412
0.31 2.93281957018 12.9769306386 3.3480370228 52.6611860044 0.257999146027 0.295219573421
0.311 2.91543041164 12.9877941039 3.3574545641 52.5570696721 0.258508453185 0.295535773642
0.312 2.89815575091 12.9985144458 3.36678623163 52.4528867866 0.259013154593 0.295847847947
0.313 2.88099549686 13.0090943205 3.37603294122 52.3486493986 0.259513295702 0.296155868622
0.314 2.86394952371 13.0195363226 3.38519559963 52.2443691791 0.260008921651 0.296459906408
0.315 2.84701767274 13.0298429862 3.39427510448 52.1400574307 0.260500077252 0.296760030535
0.316 2.83019975387 13.0400167868 3.40327234432 52.0357250985 0.260986806992 0.297056308762
0.317 2.8134955472 13.0500601431 3.41218819862 51.9313827814 0.261469155024 0.29734880741
0.318 2.79690480448 13.059975418 3.42102353782 51.8270407414 0.261947165162 0.297637591402
0.319 2.78042725056 13.0697649205 3.42977922333 51.722708915 0.262420880879 0.297922724291
0.32 2.76406258469 13.0794309074 3.43845610756 51.6183969217 0.2628903453 0.298204268297
0.321 2.7478104819 13.0889755838 3.44705503398 51.5141140742 0.263355601201 0.298482284338
0.322 2.73167059417 13.0984011056 3.45557683714 51.4098693874 0.263816691005 0.298756832062
0.323 2.71564255172 13.1077095798 3.4640223427 51.3056715868 0.264273656782 0.299027969878
0.324 2.69972596407 13.1169030666 3.47239236752 51.2015291177 0.264726540242 0.299295754983
0.325 2.68392042121 13.1259835801 3.48068771963 51.097450153 0.265175382735 0.299560243394
0.326 2.66822549464 13.1349530897 3.48890919836 50.9934426015 0.265620225252 0.299821489976
0.327 2.65264073837 13.1438135214 3.49705759434 50.8895141154 0.266061108418 0.300079548468
0.328 2.63716568993 13.1525667587 3.50513368959 50.7856720984 0.266498072498 0.30033447151
0.329 2.62179987126 13.1612146438 3.51313825752 50.6819237123 0.266931157389 0.300586310671
0.33 2.60654278966 13.1697589788 3.52107206306 50.5782758846 0.267360402625 0.300835116472
0.331 2.59139393859 13.1782015266 3.52893586267 50.4747353151 0.267785847374 0.30108093841
0.332 2.57635279854 13.1865440118 3.53673040442 50.3713084826 0.268207530438 0.301323824987
0.333 2.56141883782 13.194788122 3.54445642805 50.2680016517 0.268625490253 0.301563823727
0.334 2.54659151328 13.2029355084 3.55211466503 50.1648208784 0.26903976489 0.301800981204
0.335 2.53187027106 13.2109877869 3.55970583862 50.0617720166 0.269450392055 0.302035343062
0.336 2.51725454731 13.2189465392 3.56723066398 49.9588607239 0.26985740909 0.302266954035
0.337 2.50274376879 13.2268133133 3.57468984817 49.8560924673 0.270260852973 0.302495857972
0.338 2.48833735359 13.2345896244 3.58208409027 49.7534725287 0.27066076032 0.302722097855
0.339 2.47403471169 13.242276956 3.58941408144 49.6510060102 0.271057167386 0.302945715817
0.34 2.45983524555 13.2498767604 3.59668050496 49.5486978394 0.271450110065 0.303166753168
0.341 2.44573835068 13.2573904597 3.60388403635 49.4465527744 0.271839623891 0.303385250406
0.342 2.43174341621 13.2648194464 3.61102534339 49.3445754087 0.272225744043 0.303601247243
0.343 2.41784982534 13.2721650841 3.61810508626 49.242770176 0.272608505344 0.303814782616
0.344 2.40405695589 13.2794287084 3.62512391751 49.1411413545 0.272987942261 0.304025894711
0.345 2.39036418074 13.2866116275 3.63208248226 49.0396930718 0.27336408891 0.304234620975
0.346 2.3767708683 13.2937151228 3.63898141816 48.9384293091 0.273736979057 0.304440998135
0.347 2.36327638294 13.3007404495 3.64582135552 48.837353905 0.27410664612 0.304645062216
0.348 2.34988008537 13.3076888376 3.65260291739 48.7364705602 0.274473123168 0.304846848552
0.349 2.33658133311 13.3145614919 3.65932671961 48.6357828411 0.274836442929 0.305046391807
0.35 2.3233794808 13.3213595934 3.66599337088 48.5352941838 0.275196637788 0.305243725986
0.351 2.31027388058 13.3280842992 3.67260347286 48.4350078975 0.275553739789 0.30543888445
0.352 2.29726388245 13.3347367431 3.67915762022 48.3349271685 0.275907780641 0.305631899935
0.353 2.28434883461 13.3413180368 3.68565640072 48.2350550637 0.276258791715 0.305822804558
0.354 2.27152808374 13.3478292696 3.6921003953 48.1353945337 0.276606804051 0.306011629838
0.355 2.25880097532 13.3542715097 3.69849017812 48.0359484164 0.276951848361 0.306198406704
0.356 2.24616685394 13.360645804 3.70482631667 47.93671944 0.277293955025 0.306383165512
0.357 2.23362506353 13.366953179 3.71110937182 47.8377102264 0.277633154102 0.306565936054
0.358 2.22117494767 13.3731946413 3.71733989789 47.7389232939 0.277969475326 0.306746747573
0.359 2.20881584981 13.379371178 3.72351844273 47.6403610605 0.278302948113 0.306925628773
0.36 2.19654711352 13.3854837569 3.72964554781 47.5420258465 0.278633601559 0.307102607834
0.361 2.18436808272 13.3915333274 3.73572174824 47.4439198772 0.278961464449 0.307277712418
0.362 2.17227810188 13.3975208206 3.74174757292 47.3460452861 0.279286565254 0.307450969684
0.363 2.16027651626 13.4034471498 3.74772354453 47.2484041167 0.279608932137 0.3076224063
0.364 2.14836267207 13.409313211 3.75365017964 47.1509983259 0.279928592955 0.307792048448
0.365 2.1365359167 13.4151198831 3.7595279888 47.053829786 0.280245575258 0.307959921842
0.366 2.12479559885 13.4208680285 3.76535747655 46.9569002871 0.280559906301 0.308126051732
0.367 2.11314106874 13.4265584934 3.77113914157 46.8602115395 0.280871613035 0.308290462914
0.368 2.10157167826 13.4321921082 3.77687347666 46.7637651763 0.281180722121 0.308453179744
0.369 2.09008678109 13.4377696877 3.78256096887 46.6675627549 0.281487259923 0.308614226145
0.37 2.07868573291 13.4432920316 3.78820209955 46.5716057598 0.281791252519 0.308773625614
0.371 2.0673678915 13.4487599248 3.79379734442 46.4758956043 0.282092725697 0.308931401233
0.372 2.05613261684 13.4541741377 3.79934717363 46.3804336327 0.282391704963 0.30908757568
0.373 2.04497927132 13.4595354268 3.80485205181 46.2852211222 0.282688215542 0.309242171232
0.374 2.03390721976 13.4648445343 3.81031243819 46.1902592848 0.282982282378 0.309395209777
0.375 2.0229158296 13.4701021894 3.81572878659 46.0955492693 0.283273930141 0.309546712823
0.376 2.01200447097 13.4753091076 3.82110154556 46.0010921628 0.283563183229 0.309696701504
0.377 2.00117251676 13.4804659919 3.82643115838 45.9068889927 0.283850065768 0.309845196585
0.378 1.99041934279 13.4855735322 3.83171806315 45.8129407285 0.284134601616 0.309992218477
0.379 1.97974432783 13.4906324065 3.83696269287 45.7192482832 0.28441681437 0.310137787236
0.38 1.96914685372 13.4956432802 3.84216547548 45.6258125148 0.28469672736 0.310281922577
0.381 1.95862630542 13.5006068071 3.84732683391 45.5326342285 0.284974363661 0.310424643877
0.382 1.94818207111 13.5055236296 3.85244718617 45.4397141775 0.285249746091 0.310565970181
0.383 1.93781354226 13.5103943785 3.8575269454 45.3470530649 0.285522897211 0.310705920215
0.384 1.92752011366 13.5152196734 3.86256651991 45.254651545 0.285793839335 0.310844512385
0.385 1.91730118353 13.5200001233 3.86756631326 45.1625102248 0.286062594526 0.310981764786
0.386 1.90715615353 13.5247363265 3.87252672432 45.0706296653 0.286329184602 0.311117695212
0.387 1.89708442884 13.5294288708 3.87744814732 44.9790103827 0.286593631139 0.311252321156
0.388 1.8870854182 13.5340783339 3.8823309719 44.88765285 0.286855955472 0.31138565982
0.389 1.87715853396 13.5386852835 3.88717558318 44.7965574979 0.287116178697 0.311517728119
0.39 1.86730319213 13.5432502775 3.8919823618 44.7057247162 0.287374321676 0.311648542689
0.391 1.85751881239 13.5477738644 3.896751684 44.6151548552 0.28763040504 0.311778119889
0.392 1.84780481814 13.5522565831 3.90148392165 44.5248482264 0.287884449186 0.31190647581
0.393 1.83816063656 13.5566989635 3.90617944232 44.4348051039 0.288136474287 0.312033626277
0.394 1.82858569859 13.5611015265 3.91083860931 44.3450257254 0.28838650029 0.312159586858
0.395 1.819079439 13.5654647842 3.91546178174 44.2555102935 0.288634546919 0.312284372864
0.396 1.80964129639 13.5697892401 3.92004931456 44.1662589764 0.288880633679 0.312407999359
0.397 1.80027071321 13.5740753892 3.92460155866 44.0772719089 0.289124779857 0.312530481163
0.398 1.79096713581 13.5783237183 3.92911886084 43.9885491939 0.289367004525 0.312651832855
0.399 1.78173001441 13.5825347062 3.93360156393 43.9000909026 0.289607326542 0.31277206878
0.4 1.77255880315 13.5867088236 3.93805000681 43.811897076 0.289845764559 0.312891203052
0.401 1.7634529601 13.5908465335 3.94246452447 43.7239677256 0.290082337016 0.313009249559
0.402 1.75441194726 13.5949482914 3.94684544803 43.6363028343 0.29031706215 0.313126221969
0.403 1.74543523055 13.5990145451 3.95119310484 43.5489023571 0.290549957995 0.313242133731
0.404 1.73652227987 13.6030457353 3.95550781847 43.4617662222 0.290781042382 0.31335699808
0.405 1.72767256906 13.6070422955 3.95978990881 43.3748943316 0.291010332945 0.313470828044
0.406 1.71888557592 13.6110046521 3.96403969206 43.288286562 0.291237847123 0.313583636444
0.407 1.7101607822 13.6149332247 3.96825748084 43.2019427655 0.29146360216 0.313695435901
0.408 1.70149767361 13.6188284262 3.97244358418 43.1158627705 0.291687615107 0.313806238837
0.409 1.69289573984 13.6226906626 3.97659830759 43.030046382 0.291909902829 0.313916057481
0.41 1.68435447452 13.6265203339 3.98072195311 42.9444933828 0.292130482 0.314024903872
0.411 1.67587337522 13.6303178332 3.98481481933 42.8592035342 0.292349369112 0.314132789861
0.412 1.66745194348 13.6340835478 3.98887720145 42.774176576 0.292566580471 0.314239727118
0.413 1.65908968477 13.6378178588 3.99290939133 42.6894122279 0.292782132207 0.31434572713
0.414 1.65078610848 13.641521141 3.99691167752 42.6049101897 0.292996040265 0.314450801211
0.415 1.64254072795 13.6451937638 4.00088434528 42.5206701423 0.293208320419 0.314554960499
0.416 1.63435306042 13.6488360904 4.00482767667 42.4366917479 0.293418988266 0.314658215963
0.417 1.62622262704 13.6524484787 4.00874195056 42.3529746505 0.293628059231 0.314760578406
0.418 1.61814895284 13.6560312808 4.01262744266 42.2695184772 0.293835548568 0.314862058465
0.419 1.61013156673 13.6595848435 4.01648442558 42.1863228378 0.294041471363 0.314962666619
0.42 1.60217000152 13.6631095081 4.02031316887 42.1033873262 0.294245842535 0.315062413185
0.421 1.59426379382 13.6666056109 4.02411393904 42.0207115202 0.29444867684 0.315161308329
0.422 1.58641248412 13.670073483 4.02788699962 41.9382949825 0.294649988871 0.315259362062
0.423 1.57861561672 13.6735134502 4.03163261117 41.856137261 0.294849793058 0.315356584247
0.424 1.5708727397 13.6769258337 4.03535103135 41.7742378894 0.295048103675 0.3154529846
0.425 1.56318340498 13.6803109497 4.03904251491 41.6925963874 0.295244934838 0.31554857269
0.426 1.5555471682 13.6836691096 4.0427073138 41.6112122615 0.295440300509 0.315643357948
0.427 1.54796358878 13.6870006201 4.04634567712 41.5300850053 0.295634214495 0.315737349665
0.428 1.54043222986 13.6903057835 4.04995785122 41.4492140998 0.295826690452 0.315830556993
0.429 1.53295265832 13.6935848974 4.05354407969 41.3685990142 0.296017741889 0.315922988952
0.43 1.52552444471 13.696838255 4.05710460343 41.2882392057 0.296207382164 0.316014654431
0.431 1.51814716325 13.7000661453 4.06063966067 41.2081341205 0.296395624489 0.316105562186
0.432 1.51082039185 13.7032688528 4.06414948699 41.128283194 0.296582481935 0.316195720849
0.433 1.50354371201 13.7064466581 4.06763431536 41.048685851 0.296767967426 0.316285138926
0.434 1.49631670888 13.7095998375 4.0710943762 40.9693415062 0.296952093749 0.316373824798
0.435 1.48913897117 13.7127286633 4.07452989737 40.8902495647 0.297134873549 0.316461786728
0.436 1.48201009117 13.7158334038 4.07794110422 40.8114094221 0.297316319334 0.31654903286
0.437 1.47492966472 13.7189143236 4.08132821962 40.732820465 0.297496443476 0.31663557122
0.438 1.46789729119 13.7219716832 4.084691464 40.6544820712 0.297675258214 0.31672140972
0.439 1.46091257342 13.7250057396 4.08803105538 40.5763936103 0.297852775653 0.316806556161
0.44 1.45397511776 13.7280167459 4.09134720937 40.4985544437 0.298029007766 0.31689101823
0.441 1.447084534 13.7310049517 4.09464013923 40.420963925 0.298203966398 0.316974803509
0.442 1.44024043536 13.7339706031 4.09791005591 40.3436214004 0.298377663266 0.317057919471
0.443 1.43344243848 13.7369139426 4.10115716803 40.266526209 0.298550109957 0.317140373483
0.444 1.42669016335 13.7398352092 4.10438168195 40.1896776827 0.298721317939 0.31722217281
0.445 1.41998323335 13.7427346387 4.10758380179 40.1130751472 0.29889129855 0.317303324617
0.446 1.41332127519 13.7456124636 4.11076372946 40.0367179216 0.29906006301 0.317383835965
0.447 1.40670391887 13.7484689129 4.11392166467 39.9606053189 0.299227622417 0.317463713821
0.448 1.40013079771 13.7513042126 4.11705780497 39.8847366464 0.299393987749 0.317542965054
0.449 1.39360154826 13.7541185856 4.12017234577 39.8091112056 0.299559169869 0.317621596436
0.45 1.38711581033 13.7569122515 4.12326548038 39.733728293 0.299723179519 0.317699614649
0.451 1.38067322692 13.759685427 4.12633740002 39.6585871995 0.299886027331 0.317777026281
0.452 1.37427344423 13.7624383258 4.12938829386 39.5836872116 0.300047723819 0.317853837831
0.453 1.36791611163 13.7651711587 4.13241834903 39.5090276109 0.300208279387 0.317930055708
0.454 1.36160088162 13.7678841336 4.13542775065 39.4346076745 0.300367704328 0.318005686236
0.455 1.35532740981 13.7705774554 4.13841668188 39.3604266754 0.300526008823 0.31808073565
0.456 1.3490953549 13.7732513265 4.14138532388 39.2864838825 0.300683202949 0.318155210102
0.457 1.34290437867 13.7759059464 4.14433385591 39.2127785608 0.30083929667 0.318229115663
0.458 1.33675414591 13.7785415118 4.1472624553 39.1393099719 0.30099429985 0.318302458318
0.459 1.33064432446 13.781158217 4.15017129751 39.0660773737 0.301148222244 0.318375243976
0.46 1.32457458512 13.7837562535 4.15306055612 38.9930800208 0.301301073506 0.318447478464
0.461 1.31854460166 13.7863358102 4.15593040286 38.9203171651 0.301452863187 0.318519167532
0.462 1.31255405082 13.7888970738 4.15878100766 38.8477880551 0.301603600738 0.318590316854
0.463 1.3066026122 13.7914402281 4.16161253864 38.7754919369 0.301753295508 0.318660932029
0.464 1.30068996836 13.7939654548 4.16442516215 38.7034280538 0.30190195675 0.31873101858
0.465 1.29481580466 13.796472933 4.16721904278 38.6315956468 0.302049593618 0.318800581958
0.466 1.28897980936 13.7989628395 4.16999434339 38.5599939547 0.302196215171 0.318869627545
0.467 1.2831816735 13.8014353488 4.17275122511 38.488622214 0.302341830371 0.318938160647
0.468 1.27742109093 13.8038906332 4.17548984742 38.4174796594 0.302486448087 0.319006186506
0.469 1.27169775827 13.8063288625 4.17821036808 38.3465655237 0.302630077096 0.319073710292
0.47 1.26601137488 13.8087502046 4.18091294323 38.2758790379 0.302772726082 0.319140737108
0.471 1.26036164286 13.811154825 4.18359772737 38.2054194317 0.302914403639 0.319207271994
0.472 1.25474826697 13.8135428871 4.18626487338 38.1351859333 0.30305511827 0.31927331992
0.473 1.24917095469 13.8159145524 4.18891453257 38.0651777695 0.303194878391 0.319338885796
0.474 1.24362941613 13.81826998 4.19154685464 37.995394166 0.303333692328 0.319403974467
0.475 1.23812336402 13.8206093273 4.19416198777 37.9258343475 0.303471568325 0.319468590715
0.476 1.2326525137 13.8229327494 4.19676007858 37.8564975378 0.303608514535 0.319532739262
0.477 1.2272165831 13.8252403997 4.19934127219 37.7873829598 0.303744539031 0.31959642477
0.478 1.2218152927 13.8275324293 4.20190571221 37.7184898358 0.303879649799 0.319659651841
0.479 1.21644836551 13.8298089878 4.20445354076 37.6498173874 0.304013854745 0.319722425019
0.48 1.21111552707 13.8320702226 4.20698489852 37.5813648358 0.304147161691 0.319784748789
0.481 1.20581650539 13.8343162795 4.20949992471 37.5131314017 0.30427957838 0.319846627582
0.482 1.20055103096 13.8365473023 4.21199875711 37.4451163058 0.304411112476 0.319908065771
0.483 1.1953188367 13.838763433 4.21448153209 37.3773187683 0.304541771561 0.319969067675
0.484 1.19011965796 13.8409648119 4.21694838465 37.3097380094 0.304671563143 0.320029637559
0.485 1.18495323249 13.8431515776 4.21939944838 37.2423732495 0.30480049465 0.320089779635
0.486 1.17981930043 13.845323867 4.22183485551 37.1752237088 0.304928573436 0.320149498062
0.487 1.17471760425 13.8474818151 4.22425473695 37.1082886079 0.305055806778 0.320208796946
0.488 1.16964788877 13.8496255555 4.22665922224 37.0415671674 0.30518220188 0.320267680346
0.489 1.16460990111 13.85175522 4.22904843963 36.9750586086 0.305307765872 0.320326152266
0.49 1.15960339071 13.8538709389 4.23142251606 36.908762153 0.305432505812 0.320384216665
0.491 1.15462810925 13.8559728409 4.2337815772 36.8426770225 0.305556428685 0.320441877451
0.492 1.14968381067 13.858061053 4.23612574743 36.7768024398 0.305679541405 0.320499138485
0.493 1.14477025113 13.8601357008 4.23845514988 36.7111376281 0.305801850818 0.320556003579
0.494 1.13988718901 13.8621969084 4.24076990645 36.6456818114 0.305923363698 0.320612476501
0.495 1.13503438486 13.8642447983 4.2430701378 36.5804342143 0.306044086753 0.320668560973
0.496 1.13021160142 13.8662794916 4.24535596339 36.5153940625 0.306164026621 0.320724260669
0.497 1.12541860354 13.868301108 4.24762750148 36.4505605824 0.306283189874 0.320779579222
0.498 1.12065515823 13.8703097656 4.24988486913 36.3859330015 0.306401583018 0.320834520219
0.499 1.11592103458 13.8723055814 4.25212818226 36.3215105484 0.306519212493 0.320889087205
0.5 1.11121600377 13.8742886706 4.25435755562 36.2572924525 0.306636084675 0.320943283683
0.501 1.10653983906 13.8762591475 4.2565731028 36.1932779446 0.306752205877 0.320997113111
0.502 1.10189231575 13.8782171246 4.25877493628 36.1294662567 0.306867582345 0.32105057891
0.503 1.09727321114 13.8801627134 4.26096316743 36.0658566219 0.306982220267 0.321103684456
0.504 1.09268230457 13.882096024 4.26313790649 36.0024482748 0.307096125766 0.321156433089
0.505 1.08811937736 13.8840171652 4.26529926263 35.9392404512 0.307209304905 0.321208828107
0.506 1.08358421279 13.8859262446 4.26744734393 35.8762323884 0.307321763688 0.321260872769
0.507 1.07907659609 13.8878233684 4.26958225742 35.813423325 0.307433508058 0.321312570296
0.508 1.07459631444 13.8897086416 4.27170410906 35.7508125014 0.307544543898 0.321363923873
0.509 1.07014315691 13.8915821682 4.27381300378 35.6883991592 0.307654877034 0.321414936643
0.51 1.06571691447 13.8934440508 4.27590904546 35.6261825418 0.307764513234 0.321465611718
0.511 1.06131737999 13.8952943909 4.27799233698 35.5641618941 0.30787345821 0.32151595217
0.512 1.05694434815 13.8971332888 4.28006298021 35.5023364629 0.307981717615 0.321565961036
0.513 1.05259761553 13.8989608436 4.28212107603 35.4407054964 0.30808929705 0.321615641317
0.514 1.04827698048 13.9007771534 4.28416672432 35.3792682447 0.308196202056 0.321664995982
0.515 1.0439822432 13.9025823152 4.286200024 35.3180239596 0.308302438124 0.321714027963
0.516 1.03971320564 13.9043764247 4.28822107303 35.2569718949 0.30840801069 0.321762740159
0.517 1.03546967155 13.9061595768 4.29022996842 35.196111306 0.308512925134 0.321811135436
0.518 1.03125144641 13.9079318651 4.29222680622 35.1354414503 0.308617186787 0.321859216628
0.519 1.02705833746 13.9096933822 4.29421168157 35.0749615872 0.308720800925 0.321906986534
0.52 1.02289015364 13.9114442197 4.29618468869 35.0146709777 0.308823772776 0.321954447924
0.521 1.01874670562 13.9131844683 4.2981459209 34.9545688852 0.308926107512 0.322001603535
0.522 1.01462780572 13.9149142175 4.30009547059 34.8946545749 0.30902781026 0.322048456072
0.523 1.01053326796 13.9166335558 4.30203342929 34.8349273138 0.309128886094 0.322095008213
0.524 1.00646290801 13.918342571 4.30395988765 34.7753863714 0.309229340039 0.322141262601
0.525 1.00241654318 13.9200413495 4.30587493545 34.716031019 0.309329177071 0.322187221853
0.526 0.998393992378 13.9217299771 4.30777866159 34.6568605299 0.309428402121 0.322232888555
0.527 0.994395076154 13.9234085386 4.30967115415 34.5978741798 0.309527020068 0.322278265264
0.528 0.990419616633 13.9250771177 4.31155250035 34.5390712463 0.309625035748 0.322323354509
0.529 0.986467437516 13.9267357973 4.3134227866 34.4804510093 0.309722453946 0.32236815879
0.53 0.982538364068 13.9283846595 4.31528209846 34.4220127508 0.309819279405 0.32241268058
0.531 0.978632223099 13.9300237852 4.31713052072 34.3637557551 0.30991551682 0.322456922324
0.532 0.97474884295 13.9316532549 4.31896813732 34.3056793087 0.310011170842 0.322500886441
0.533 0.970888053479 13.9332731478 4.32079503144 34.2477827002 0.310106246078 0.322544575321
0.534 0.967049686043 13.9348835424 4.32261128546 34.1900652207 0.310200747089 0.322587991331
0.535 0.963233573489 13.9364845164 4.32441698098 34.1325261634 0.310294678395 0.322631136808
0.536 0.959439550134 13.9380761467 4.32621219886 34.0751648238 0.310388044471 0.322674014068
0.537 0.955667451755 13.9396585092 4.32799701916 34.0179804998 0.310480849749 0.322716625397
0.538 0.951917115572 13.9412316792 4.32977152121 33.9609724915 0.310573098621 0.322758973059
0.539 0.948188380235 13.942795731 4.3315357836 33.9041401014 0.310664795437 0.322801059294
0.54 0.94448108581 13.9443507384 4.33328988418 33.8474826343 0.310755944503 0.322842886314
0.541 0.940795073767 13.945896774 4.33503390008 33.7909993976 0.310846550088 0.322884456312
0.542 0.937130186963 13.94743391 4.33676790769 33.7346897006 0.310936616417 0.322925771452
0.543 0.933486269633 13.9489622178 4.33849198272 33.6785528554 0.311026147679 0.322966833879
0.544 0.92986316737 13.9504817678 4.34020620015 33.6225881764 0.31111514802 0.323007645714
0.545 0.92626072712 13.95199263 4.34191063428 33.5667949803 0.31120362155 0.323048209053
0.546 0.922678797163 13.9534948733 4.34360535872 33.5111725861 0.311291572337 0.323088525971
0.547 0.919117227103 13.9549885663 4.34529044639 33.4557203156 0.311379004415 0.323128598522
0.548 0.915575867851 13.9564737765 4.34696596955 33.4004374928 0.311465921777 0.323168428737
0.549 0.91205457162 13.957950571 4.34863199978 33.345323444 0.311552328379 0.323208018626
0.55 0.908553191904 13.959419016 4.35028860802 33.2903774982 0.311638228142 0.323247370176
0.551 0.905071583471 13.9608791771 4.35193586455 33.2355989867 0.311723624948 0.323286485355
0.552 0.90160960235 13.9623311193 4.35357383899 33.1809872433 0.311808522645 0.323325366109
0.553 0.898167105816 13.9637749069 4.35520260034 33.1265416043 0.311892925043 0.323364014364
0.554 0.894743952382 13.9652106033 4.35682221698 33.0722614085 0.31197683592 0.323402432026
0.555 0.891340001783 13.9666382717 4.35843275663 33.018145997 0.312060259015 0.323440620981
0.556 0.887955114967 13.9680579743 4.36003428643 32.9641947135 0.312143198036 0.323478583095
0.557 0.884589154082 13.9694697727 4.36162687288 32.9104069042 0.312225656653 0.323516320214
0.558 0.881241982466 13.9708737282 4.36321058191 32.8567819177 0.312307638505 0.323553834165
0.559 0.877913464632 13.972269901 4.36478547881 32.8033191053 0.312389147198 0.323591126758
0.56 0.874603466262 13.9736583512 4.3663516283 32.7500178205 0.312470186301 0.323628199782
0.561 0.871311854189 13.9750391378 4.36790909454 32.6968774195 0.312550759355 0.323665055007
0.562 0.868038496394 13.9764123196 4.36945794106 32.6438972609 0.312630869865 0.323701694188
0.563 0.864783261986 13.9777779545 4.37099823085 32.5910767059 0.312710521305 0.323738119058
0.564 0.861546021198 13.9791361002 4.37253002634 32.538415118 0.312789717118 0.323774331336
0.565 0.858326645375 13.9804868135 4.37405338938 32.4859118635 0.312868460714 0.32381033272
0.566 0.855125006961 13.9818301508 4.37556838126 32.433566311 0.312946755474 0.323846124892
0.567 0.851940979487 13.9831661677 4.37707506275 32.3813778316 0.313024604746 0.323881709518
0.568 0.848774437568 13.9844949197 4.37857349405 32.3293457989 0.313102011849 0.323917088245
0.569 0.845625256884 13.9858164614 4.38006373484 32.2774695892 0.313178980071 0.323952262706
0.57 0.842493314175 13.9871308469 4.38154584425 32.225748581 0.313255512671 0.323987437166
