T I E P S E/P CS2 (GeV^n)
0.07 0.218287926567 0.716587926567 0.1661 12.6098275224 0.231792908926 0.237395956193
0.0705 0.219709797106 0.722685934586 0.167658712493 12.6290020862 0.231993877935 0.237278214807
0.071 0.221159111502 0.728808775047 0.169216554515 12.6482440783 0.232182378024 0.237160473421
0.0715 0.222636920074 0.734958123725 0.17077373455 12.6675784374 0.232358455588 0.237026885981
0.072 0.22414428498 0.741135677241 0.172330464087 12.6870297407 0.232522154012 0.236877503941
0.0725 0.225682280201 0.747343153042 0.173886957614 12.7066222159 0.232673514042 0.236712385267
0.073 0.227251991533 0.753582289387 0.175443432618 12.7263797535 0.232812574139 0.236531594727
0.0735 0.228854516568 0.759854845326 0.177000109586 12.7463259172 0.232939370822 0.236335204159
0.074 0.230490964688 0.766162600689 0.178557212001 12.7664839553 0.233053938994 0.236123292718
0.0745 0.232162457043 0.772507356062 0.18011496634 12.7868768108 0.233156312269 0.235895947105
0.075 0.233870126542 0.77889093277 0.181673602076 12.8075271313 0.233246523271 0.235653261767
0.0755 0.235615117837 0.785315172859 0.183233351674 12.8284572786 0.233324603938 0.235395339081
0.076 0.237398587307 0.791781939074 0.184794450589 12.8496893377 0.233390585803 0.235122289509
0.0765 0.239221703039 0.798293114837 0.186357137266 12.8712451255 0.233444500275 0.234834231738
0.077 0.241085644817 0.804850604229 0.187921653137 12.8931461996 0.233486378901 0.234531292791
0.0775 0.242991604101 0.811456331966 0.189488242622 12.9154138656 0.233516253626 0.234213608116
0.078 0.24494078401 0.818112243374 0.191057153121 12.9380691858 0.233534157041 0.233881321653
0.0785 0.246934399304 0.824820304367 0.192628635021 12.9611329858 0.23354012262 0.233534585879
0.079 0.248973676366 0.831582501425 0.194202941686 12.9846258622 0.233534184947 0.233173561827
0.0795 0.25105985318 0.838400841562 0.195780329461 13.008568189 0.233516379941 0.232798419084
0.08 0.253194179313 0.845277352308 0.197361057665 13.0329801247 0.233486745062 0.232409335762
0.0805 0.255377915895 0.852214081674 0.198945388593 13.0578816182 0.233445319517 0.232006498457
0.081 0.257612335594 0.859213098129 0.200533587512 13.0832924153 0.23339214445 0.231590102171
0.0815 0.259898722597 0.866276490573 0.202125922658 13.1092320642 0.233327263129 0.231160350221
0.082 0.262238372587 0.873406368299 0.203722665237 13.1357199212 0.233250721121 0.230717454129
0.0825 0.264632592716 0.880604860972 0.205324089418 13.1627751562 0.233162566457 0.230261633479
0.083 0.267082701587 0.887874118591 0.206930472335 13.1904167581 0.233062849791 0.229793115769
0.0835 0.269590029222 0.895216311461 0.20854209408 13.2186635394 0.232951624551 0.229312136225
0.084 0.272155917041 0.902633630153 0.210159237704 13.2475341412 0.232828947076 0.228818937613
0.0845 0.274781717834 0.910128285477 0.211782189215 13.2770470378 0.232694876749 0.228313770022
0.085 0.277468795732 0.917702508442 0.21341123757 13.3072205413 0.232549476118 0.227796890628
0.0855 0.280218526182 0.925358550219 0.215046674679 13.3380728058 0.232392811012 0.22726856345
0.086 0.283032295915 0.933098682105 0.216688795397 13.3696218314 0.232224950643 0.226729059076
0.0865 0.285911502917 0.940925195485 0.218337897522 13.4018854683 0.232045967703 0.226178654392
0.087 0.2888575564 0.948840401786 0.219994281795 13.4348814205 0.23185593845 0.225617632275
0.0875 0.291871876766 0.956846632444 0.221658251893 13.4686272496 0.231654942785 0.225046281291
0.088 0.294955895579 0.964946238856 0.223330114426 13.5031403782 0.231443064321 0.22446489537
0.0885 0.298111055528 0.973141592338 0.225010178937 13.5384380935 0.231220390443 0.223873773474
0.089 0.301338810394 0.98143508408 0.226698757895 13.5745375503 0.230987012358 0.223273219251
0.0895 0.304640625015 0.989829125097 0.228396166694 13.6114557742 0.230743025137 0.222663540687
0.09 0.308017975246 0.998326146188 0.230102723647 13.6492096648 0.230488527748 0.222045049741
0.0905 0.311472347926 1.00692859788 0.231818749985 13.6878159985 0.230223623078 0.221418061977
0.091 0.315005240835 1.01563895038 0.233544569849 13.7272914311 0.22994841795 0.220782896195
0.0915 0.318618162659 1.02445969353 0.23528051029 13.7676525008 0.229663023129 0.22013987405
0.092 0.322312632943 1.03339333674 0.237026901264 13.8089156304 0.22936755332 0.219489319669
0.0925 0.326090182054 1.04244240893 0.238784075627 13.8510971304 0.229062127155 0.218831559271
0.093 0.329952351135 1.05160945852 0.240552369129 13.8942132005 0.228746867175 0.218166920778
0.0935 0.333900692062 1.0608970533 0.242332120414 13.9382799328 0.228421899806 0.217495733433
0.094 0.337936767397 1.07030778043 0.244123671011 13.9833133132 0.228087355315 0.216818327415
0.0945 0.342062150343 1.07984424634 0.245927365333 14.0293292241 0.227743367774 0.216135033456
0.095 0.346278424693 1.0895090767 0.247743550669 14.076343446 0.227390075005 0.215446182462
0.0955 0.350587184784 1.09930491633 0.249572577181 14.1243716598 0.22702761852 0.214752105138
0.096 0.354990035444 1.10923442914 0.251414797898 14.1734294483 0.226656143457 0.21405313162
0.0965 0.359488591937 1.11930029807 0.253270568711 14.2235322982 0.226275798503 0.213349591107
0.097 0.364084479918 1.12950522502 0.255140248368 14.274695602 0.225886735817 0.212641811507
0.0975 0.368779335369 1.13985193078 0.257024198469 14.3269346589 0.225489110936 0.211930119086
0.098 0.373574804547 1.15034315492 0.258922783459 14.3802646774 0.225083082688 0.211214838128
0.0985 0.378472543927 1.16098165579 0.260836370622 14.4347007758 0.224668813086 0.210496290601
0.099 0.383474220138 1.17177021037 0.262765330078 14.4902579844 0.224246467227 0.209774795835
0.0995 0.388581509909 1.18271161423 0.264710034773 14.5469512462 0.223816213174 0.209050670213
0.1 0.3937961 1.19380868143 0.266670860475 14.604795419 0.223378221841 0.208324226865
0.1005 0.399119687141 1.20506424444 0.268648185768 14.6638052757 0.222932666873 0.207595775385
0.101 0.404553977967 1.2164811541 0.270642392043 14.7239955063 0.222479724517 0.206865621549
0.1015 0.410100688948 1.22806227943 0.272653863495 14.7853807185 0.222019573487 0.206134067051
0.102 0.415761546324 1.23981050766 0.274682987112 14.8479754389 0.221552394834 0.205401409254
0.1025 0.421538286028 1.25172874404 0.27673015267 14.9117941142 0.221078371802 0.204667940946
0.103 0.427432653622 1.26381991181 0.278795752729 14.976851112 0.22059768969 0.203933950119
0.1035 0.433446404212 1.27608695206 0.280880182617 15.0431607215 0.220110535699 0.203199719754
0.104 0.439581302384 1.28853282368 0.28298384043 15.1107371549 0.219617098789 0.202465527623
0.1045 0.445839122114 1.30116050319 0.285107127024 15.1795945475 0.219117569528 0.201731646106
0.105 0.452221646697 1.3139729847 0.287250446001 15.2497469591 0.218612139934 0.200998342016
0.1055 0.458730668661 1.32697327978 0.289414203707 15.3212083743 0.218101003326 0.200265876446
0.106 0.465367989682 1.34016441734 0.291598809219 15.3939927034 0.217584354163 0.199534504623
0.1065 0.472135420503 1.35354944353 0.293804674342 15.4681137828 0.217062387892 0.198804475779
0.107 0.479034780841 1.36713142162 0.296032213593 15.5435853758 0.216535300785 0.198076033032
0.1075 0.486067899297 1.38091343189 0.298281844199 15.620421173 0.216003289786 0.197349413287
0.108 0.49323661327 1.39489857152 0.300553986082 15.6986347926 0.21546655235 0.196624847144
0.1085 0.500542768855 1.40908995442 0.302849061854 15.7782397813 0.214925286285 0.195902558821
0.109 0.50798822075 1.42349071116 0.305167496804 15.8592496144 0.214379689598 0.195182766088
0.1095 0.515574832158 1.43810398883 0.307509718891 15.9416776961 0.213829960336 0.194465680217
0.11 0.523304474682 1.45293295088 0.309876158732 16.0255373601 0.213276296435 0.193751505942
0.1105 0.531179028227 1.467980777 0.31226724959 16.1108418696 0.212718895563 0.193040441428
0.111 0.539200380889 1.483250663 0.31468342737 16.1976044177 0.21215795497 0.192332678255
0.1115 0.547370428849 1.49874582065 0.317125130599 16.2858381278 0.211593671342 0.191628401412
0.112 0.555691076262 1.51446947753 0.319592800423 16.3755560532 0.21102624065 0.190927789302
0.1125 0.564164235144 1.53042487691 0.32208688059 16.4667711778 0.210455858009 0.190231013754
0.113 0.572791825255 1.54661527758 0.324607817442 16.5594964161 0.209882717536 0.189538240047
0.1135 0.581575773981 1.56304395368 0.327156059901 16.6537446131 0.209307012211 0.188849626946
0.114 0.590518016213 1.57971419459 0.329732059458 16.7495285442 0.208728933745 0.188165326739
0.1145 0.599620494222 1.5966293047 0.33233627016 16.8468609158 0.208148672445 0.187485485292
0.115 0.608885157535 1.61379260333 0.334969148599 16.9457543646 0.207566417089 0.186810242105
0.1155 0.618313962801 1.63120742449 0.337631153896 17.0462214579 0.206982354805 0.186139730376
0.116 0.627908873664 1.64887711673 0.340322747689 17.1482746933 0.206396670944 0.185474077074
0.1165 0.637671860623 1.66680504299 0.343044394123 17.2519264988 0.205809548972 0.184813403022
0.117 0.647604900898 1.68499458039 0.34579655983 17.3571892326 0.205221170355 0.184157822977
0.1175 0.657709978283 1.70344912004 0.348579713918 17.4640751826 0.204631714454 0.183507445721
0.118 0.66798908301 1.72217206688 0.351394327958 17.5725965665 0.204041358419 0.182862374161
0.1185 0.678444211592 1.7411668395 0.354240875969 17.6827655314 0.203450277097 0.182222705427
0.119 0.689077366681 1.76043686987 0.357119834397 17.7945941535 0.202858642936 0.181588530976
0.1195 0.699890556909 1.77998560324 0.36003168211 17.9080944381 0.202266625896 0.180959936704
0.12 0.710885796732 1.79981649785 0.362976900372 18.0232783185 0.201674393365 0.180337003055
0.1205 0.722065106271 1.81993302478 0.365955972835 18.1401576565 0.201082110085 0.179719805143
0.121 0.733430511147 1.8403386677 0.368969385518 18.2587442415 0.200489938071 0.179108412862
0.1215 0.744984042312 1.86103692268 0.372017626789 18.3790497899 0.199898036549 0.178502891016
0.122 0.756727735883 1.88203129795 0.375101187355 18.5010859451 0.199306561886 0.177903299435
0.1225 0.768663632962 1.90332531367 0.378220560237 18.6248642768 0.198715667532 0.177309693106
0.123 0.780793779464 1.92492250173 0.381376240755 18.7503962804 0.198125503968 0.176722122293
0.1235 0.793120225929 1.94682640547 0.384568726512 18.8776933763 0.197536218654 0.176140632672
0.124 0.805645027342 1.96904057946 0.387798517372 19.0067669099 0.196947955983 0.175565265453
0.1245 0.81837024294 1.99156858927 0.391066115442 19.1376281503 0.196360857241 0.174996057515
0.125 0.831297936022 2.01441401119 0.394372025055 19.2702882899 0.195775060571 0.174433041529
0.1255 0.84443017375 2.03758043199 0.397716752747 19.4047584441 0.195190700942 0.173876246092
0.126 0.857769026948 2.06107144867 0.40110080724 19.54104965 0.194607910123 0.173325695856
0.1265 0.871316569897 2.08489066815 0.404524699418 19.6791728662 0.194026816656 0.172781411653
0.127 0.885074880129 2.10904170706 0.40798894231 19.8191389714 0.193447545842 0.17224341063
0.1275 0.899046038209 2.1335281914 0.411494051065 19.9609587645 0.192870219725 0.171711706369
0.128 0.913232127518 2.15835375632 0.415040542933 20.1046429629 0.192294957079 0.171186309019
0.1285 0.927635234035 2.18352204576 0.418628937241 20.2502022023 0.191721873408 0.170667225419
0.129 0.942257446107 2.20903671222 0.422259755373 20.3976470356 0.191151080938 0.170154459222
0.1295 0.957100854219 2.23490141644 0.425933520741 20.5469879319 0.190582688618 0.169648011017
0.13 0.972167550759 2.26111982707 0.42965075877 20.6982352757 0.190016802129 0.169147878453
0.1305 0.987459629778 2.28769562038 0.433411996867 20.8513993659 0.189453523889 0.168654056353
0.131 1.00297918675 2.31463247994 0.437217764399 21.0064904148 0.188892953066 0.168166536836
0.1315 1.0187283183 2.34193409631 0.441068592669 21.1635185473 0.188335185591 0.167685309432
0.132 1.03470912199 2.36960416666 0.444965014888 21.3224937996 0.187780314176 0.167210361192
0.1325 1.05092369603 2.3976463945 0.448907566154 21.4834261181 0.187228428339 0.166741676803
0.133 1.06737413902 2.42606448928 0.452896783419 21.6463253586 0.186679614421 0.166279238694
0.1335 1.08406254968 2.45486216608 0.456933205466 21.811201285 0.186133955617 0.165823027147
0.134 1.10099102658 2.48404314523 0.461017372884 21.978063568 0.185591532002 0.165373020398
0.1345 1.11816166786 2.51361115196 0.465149828032 22.1469217843 0.185052420566 0.16492919474
0.135 1.13557657095 2.54356991601 0.46933111502 22.317785415 0.184516695242 0.164491524624
0.1355 1.15323783226 2.57392317128 0.473561779674 22.4906638447 0.183984426947 0.164059982758
0.136 1.1711475469 2.60467465542 0.477842369507 22.6655663598 0.183455683616 0.163634540197
0.1365 1.18930780839 2.63582810947 0.482173433692 22.8425021477 0.182930530242 0.163215166442
0.137 1.20772070834 2.66738727742 0.486555523027 23.0214802952 0.18240902892 0.162801829524
0.1375 1.22638833612 2.69935590585 0.490989189908 23.2025097873 0.181891238886 0.162394496099
0.138 1.24531277858 2.73173774346 0.495474988293 23.3855995055 0.181377216564 0.161993131526
0.1385 1.2644961197 2.76453654072 0.500013473674 23.5707582267 0.180867015613 0.161597699953
0.139 1.28394044026 2.79775604938 0.504605203041 23.7579946217 0.18036068697 0.161208164401
0.1395 1.30364781751 2.83140002205 0.509250734848 23.9473172538 0.179858278902 0.160824486836
0.14 1.32362032484 2.86547221178 0.513950628982 24.1387345769 0.179359837052 0.160446628247
0.1405 1.34386003141 2.89997637158 0.518705446726 24.3322549346 0.178865404494 0.160074548722
0.141 1.36436900181 2.93491625397 0.523515750721 24.5278865581 0.178375021779 0.159708207513
0.1415 1.38514929569 2.97029561049 0.528382104935 24.7256375648 0.17788872699 0.159347563112
0.142 1.4062029674 3.00611819127 0.533305074625 24.925515957 0.177406555795 0.158992573311
0.1425 1.42753206561 3.04238774449 0.538285226295 25.1275296196 0.176928541495 0.158643195268
0.143 1.44913863294 3.07910801593 0.543323127663 25.3316863188 0.176454715084 0.158299385569
0.1435 1.47102470556 3.11628274843 0.548419347623 25.5379937007 0.175985105299 0.157961100289
0.144 1.49319231279 3.15391568139 0.553574456199 25.7464592888 0.175519738675 0.157628295048
0.1445 1.51564347673 3.19201055026 0.558789024513 25.9570904829 0.175058639598 0.157300925064
0.145 1.5383802118 3.23057108601 0.564063624736 26.1698945569 0.174601830363 0.156978945212
0.1455 1.5614045244 3.26960101457 0.569398830055 26.3848786572 0.174149331224 0.15666231007
0.146 1.5847184124 3.30910405627 0.574795214624 26.6020498007 0.17370116045 0.15635097397
0.1465 1.60832386478 3.34908392535 0.580253353523 26.8214148728 0.173257334381 0.156044891045
0.147 1.63222286114 3.38954432929 0.585773822717 27.0429806259 0.17281786748 0.155744015277
0.1475 1.65641737131 3.43048896833 0.591357199006 27.2667536769 0.172382772388 0.155448300538
0.148 1.68090935485 3.47192153481 0.597004059986 27.4927405054 0.171952059976 0.15515770063
0.1485 1.70570076059 3.51384571259 0.602714983999 27.7209474518 0.171525739403 0.15487216933
0.149 1.73079352622 3.55626517647 0.608490550084 27.9513807152 0.17110381816 0.154591660425
0.1495 1.75618957774 3.59918359155 0.614331337937 28.1840463511 0.170686302132 0.154316127749
0.15 1.781890829 3.64260461257 0.620237927854 28.4189502695 0.170273195645 0.154045525219
0.1505 1.80789918126 3.68653188332 0.626210900689 28.6560982326 0.169864501517 0.153779806868
0.151 1.83421652259 3.73096903598 0.632250837797 28.8954958528 0.169460221111 0.153518926878
0.1515 1.86084472745 3.77591969042 0.63835832099 29.1371485901 0.169060354385 0.15326283961
0.152 1.88778565612 3.82138745356 0.644533932479 29.3810617502 0.168664899938 0.153011499632
0.1525 1.9150411542 3.86737591868 0.650778254826 29.627240482 0.168273855066 0.152764861748
0.153 1.94261305206 3.91388866472 0.657091870887 29.8756897752 0.167887215804 0.152522881026
0.1535 1.9705031643 3.96092925559 0.663475363762 30.1264144583 0.167504976976 0.15228551282
0.154 1.9987132892 4.0085012394 0.669929316734 30.3794191957 0.167127132243 0.152052712796
0.1545 2.02724520814 4.05660814779 0.676454313216 30.6347084855 0.166753674146 0.151824436956
0.155 2.05610068508 4.10525349516 0.683050936696 30.8922866572 0.166384594155 0.151600641657
0.1555 2.0852814659 4.15444077792 0.689719770673 31.1521578687 0.166019882709 0.151381283632
0.156 2.11478927787 4.20417347369 0.696461398604 31.4143261044 0.165659529266 0.151166320013
0.1565 2.14462582905 4.25445504057 0.70327640384 31.678795172 0.165303522339 0.150955708344
0.157 2.17479280764 4.30528891634 0.710165369566 31.9455687 0.164951849543 0.150749406603
0.1575 2.20529188138 4.35667851761 0.717128878742 32.2146501355 0.164604497634 0.150547373216
0.158 2.23612469694 4.40862723905 0.724167514035 32.486042741 0.164261452549 0.150349567074
0.1585 2.26729287926 4.46113845253 0.731281857758 32.7597495917 0.16392269945 0.150155947548
0.159 2.2987980309 4.51421550631 0.738472491804 33.0357735731 0.163588222754 0.149966474501
0.1595 2.33064173138 4.56786172413 0.745739997583 33.3141173775 0.163258006179 0.149781108305
0.16 2.36282553652 4.62208040437 0.75308495595 33.594783502 0.162932032779 0.149599809849
0.1605 2.39535097775 4.67687481917 0.76050794714 33.877774245 0.162610284975 0.149422540553
0.161 2.42821956143 4.73224821353 0.768009550699 34.1630917033 0.162292744599 0.14924926238
0.1615 2.46143276811 4.78820380435 0.775590345411 34.4507377694 0.161979392921 0.149079937844
0.162 2.49499205188 4.84474477957 0.78325090923 34.7407141284 0.161670210685 0.148914530021
0.1625 2.52889883957 4.90187429718 0.790991819206 35.0330222547 0.161365178144 0.148753002558
0.163 2.56315453007 4.9595954843 0.79881365141 35.3276634092 0.161064275088 0.148595319684
0.1635 2.59776049357 5.01791143615 0.80671698086 35.6246386361 0.160767480878 0.148441446212
0.164 2.63271807078 5.07682521512 0.814702381449 35.9239487596 0.160474774476 0.148291347552
0.1645 2.66802857217 5.13633984975 0.82277042586 36.2255943806 0.160186134471 0.148144989718
0.165 2.70369327721 5.1964583337 0.830921685494 36.5295758739 0.159901539113 0.148002339329
0.1655 2.73971343354 5.25718362471 0.83915673039 36.8358933843 0.159620966338 0.147863363624
0.166 2.77609025617 5.31851864358 0.847476129139 37.1445468236 0.159344393793 0.147728030458
0.1665 2.81282492667 5.38046627309 0.855880448809 37.4555358673 0.159071798868 0.147596308316
0.167 2.84991859234 5.44302935691 0.864370254858 37.7688599507 0.158803158715 0.147468166313
0.1675 2.88737236536 5.50621069851 0.872946111049 38.084518266 0.158538450279 0.147343574199
0.168 2.92518732193 5.57001306003 0.881608579367 38.4025097583 0.158277650315 0.147222502366
0.1685 2.9633645014 5.63443916118 0.890358219928 38.7228331223 0.15802073542 0.14710492185
0.169 3.00190490539 5.69949167807 0.899195590894 39.0454867986 0.157767682047 0.146990804335
0.1695 3.04080949689 5.76517324204 0.908121248383 39.37046897 0.157518466533 0.146880122159
0.17 3.08007919935 5.83148643848 0.917135746377 39.697777558 0.157273065119 0.146772848312
0.1705 3.11971489575 5.89843380564 0.926239636629 40.0274102186 0.157031453967 0.146668956447
0.171 3.1597174277 5.9660178334 0.935433468569 40.359364339 0.156793609186 0.146568420874
0.1715 3.20008759441 6.03424096205 0.944717789214 40.6936370336 0.156559506847 0.146471216572
0.172 3.2408261518 6.10310558099 0.954093143062 41.0302251398 0.156329123002 0.146377319183
0.1725 3.28193381151 6.17261402752 0.963560072003 41.3691252146 0.156102433703 0.146286705022
0.173 3.32341123985 6.24276858549 0.973119115216 41.7103335301 0.155879415021 0.146199351075
0.1735 3.36525905685 6.31357148404 0.982770809065 42.0538460698 0.155660043059 0.146115235002
0.174 3.40747783522 6.38502489623 0.992515687003 42.3996585243 0.155444293974 0.14603433514
0.1745 3.45006809929 6.45713093769 1.00235427946 42.7477662874 0.155232143987 0.145956630506
0.175 3.49303032401 6.52989166528 1.01228711376 43.0981644516 0.155023569402 0.145882100796
0.1755 3.5363649338 6.60330907569 1.02231471396 43.4508478043 0.154818546617 0.145810726392
0.176 3.58007230155 6.67738510402 1.03243760082 43.805810823 0.154617052145 0.145742488358
0.1765 3.62415274747 6.75212162235 1.04265629163 44.1630476713 0.154419062621 0.145677368449
0.177 3.66860653797 6.82752043831 1.05297130011 44.5225521945 0.154224554819 0.145615349107
0.1775 3.71343388457 6.90358329357 1.06338313634 44.884317915 0.154033505662 0.145556413467
0.178 3.75863494271 6.98031186241 1.07389230657 45.248338028 0.153845892237 0.145500545356
0.1785 3.80420981062 7.05770775014 1.08449931317 45.6146053967 0.153661691808 0.145447729298
0.179 3.85015852812 7.13577249162 1.0952046545 45.9831125481 0.153480881822 0.145397950517
0.1795 3.89648107542 7.21450754965 1.10600882474 46.3538516679 0.153303439927 0.145351194934
0.18 3.94317737192 7.29391431346 1.11691231385 46.7268145961 0.153129343977 0.145307449176
0.1805 3.99024727496 7.37399409704 1.12791560736 47.1019928222 0.152958572046 0.145266700574
0.181 4.0376905786 7.45474813757 1.13901918633 47.4793774801 0.152791102436 0.145228937167
0.1815 4.08550701232 7.53617759374 1.15022352714 47.8589593437 0.152626913688 0.145194147707
0.182 4.13369623978 7.61828354411 1.16152910144 48.2407288217 0.152465984591 0.145162321656
0.1825 4.18225785747 7.70106698539 1.17293637597 48.6246759527 0.152308294188 0.145133449196
0.183 4.23119139343 7.78452883074 1.18444581244 49.0107903998 0.152153821791 0.145107521228
0.1835 4.28049630588 7.86866990803 1.19605786738 49.3990614464 0.152002546982 0.145902292861
0.184 4.32827423225 7.95158547306 1.2077704136 49.7791080797 0.15189051513 0.145905607831
0.1845 4.37823007175 8.03698141791 1.21958378205 50.1710850947 0.151746497676 0.145266029416
0.185 4.42821663477 8.12271789375 1.23150041966 50.5633422347 0.151611866344 0.145621453078
0.1855 4.47802331649 8.20858202064 1.24351956805 50.9547255455 0.151490180024 0.146140812845
0.186 4.52746495196 8.29438477874 1.25563994226 51.3442189301 0.151384337206 0.146803605056
0.1865 4.57637931771 8.37995872174 1.26785980134 51.7309304186 0.151296664273 0.147592219583
0.187 4.62462486835 8.46515590325 1.28017701163 52.1140797587 0.151228994039 0.148491426057
0.1875 4.672078686 8.54984599635 1.29258910345 52.4929871989 0.151182735221 0.149487967643
0.188 4.71863462273 8.63391458807 1.30509332178 52.8670633502 0.151158933583 0.150570237013
0.1885 4.76420161768 8.71726163262 1.31768667165 53.2358000227 0.151158325536 0.151728015757
0.189 4.80870217273 8.7998000485 1.33036595859 53.5987619423 0.151181384947 0.152952263179
0.1895 4.85207097169 8.88145444607 1.34312782479 53.9555792658 0.151228363884 0.154234943901
0.19 4.89425362977 8.96215997348 1.35596878124 54.3059408143 0.15129932798 0.15556888617
0.1905 4.93520556099 9.04186127008 1.36888523636 54.6495879603 0.151394187046 0.156947664644
0.191 4.97489095276 9.12051151713 1.38187352145 54.9863091025 0.151512721502 0.158365502834
0.1915 5.01328183747 9.19807157703 1.39492991318 55.3159346747 0.151654605153 0.159817191422
0.192 5.05035725211 9.27450921275 1.40805065355 55.638332637 0.151819424753 0.161298019477
0.1925 5.08610247782 9.34979838015 1.42123196745 55.9534044031 0.152006696793 0.162803716226
0.193 5.12050835181 9.42391858634 1.43447007818 56.2610811633 0.152215881858 0.16433040148
0.1935 5.15357064507 9.49685430814 1.44776122102 56.5613205642 0.152446396886 0.165874543218
0.194 5.18528949967 9.56859446505 1.46110165513 56.8541037123 0.152697625598 0.167432921118
0.1945 5.21566892014 9.6391319417 1.47448767385 57.1394324707 0.152968927365 0.169002595023
0.195 5.24471631395 9.70846315521 1.48791561375 57.4173270203 0.1532596447 0.170580877566
0.1955 5.27244207652 9.77658766349 1.50138186232 57.6878236614 0.153569109591 0.172165310274
0.196 5.29885921662 9.84350781048 1.51488286462 57.9509728321 0.153896648815 0.173753642621
0.1965 5.32398301844 9.90922840517 1.52841512891 58.2068373236 0.154241588388 0.175343813572
0.197 5.34783073689 9.97375643118 1.54197523143 58.4554906731 0.154603257265 0.176933935264
0.1975 5.37042132307 10.0371007841 1.55555982033 58.6970157185 0.154980990407 0.178522278489
0.198 5.39177517717 10.099272034 1.56916561895 58.9315032979 0.15537413129 0.180107259757
0.1985 5.41191392612 10.1602822113 1.58278942839 59.1590510816 0.155782033951 0.181687429685
0.199 5.43086022376 10.2201446126 1.59642812962 59.3797625238 0.156204064632 0.183261462562
0.1995 5.44863757151 10.2788736264 1.61007868497 59.5937459218 0.156639603082 0.184828146918
0.2 5.46527015746 10.3364845754 1.6237381393 59.8011135733 0.157088043567 0.186386376978
0.2005 5.48078271227 10.3929935742 1.63740362065 60.0019810219 0.157548795634 0.187935144887
0.201 5.49520038036 10.4484174023 1.65107234065 60.1964663829 0.158021284667 0.189473533616
0.2015 5.50854860476 10.5027733884 1.66474159455 60.3846897417 0.158504952262 0.191000710459
0.202 5.52085302456 10.5560793075 1.67840876099 60.5667726164 0.158999256456 0.192515921074
0.2025 5.5321393836 10.6083532884 1.69207130159 60.7428374812 0.159503671832 0.194018483986
0.203 5.54243344946 10.6596137302 1.70572676025 60.9130073422 0.160017689517 0.195507785523
0.2035 5.55176094167 10.7098792287 1.71937276235 61.0774053615 0.160540817093 0.196983275119
0.204 5.56014746834 10.7591685094 1.7330070137 61.2361545251 0.161072578441 0.198444460974
0.2045 5.56761847035 10.8075003687 1.74662729945 61.3893773504 0.16161251352 0.199890906008
0.205 5.57419917244 10.8548936211 1.76023148287 61.5371956289 0.162160178102 0.20132222411
0.2055 5.57991454043 10.9013670523 1.77381750394 61.6797302005 0.162715143471 0.20273807663
0.206 5.58478924411 10.9469393781 1.78738337799 61.8171007577 0.163276996086 0.204138169116
0.2065 5.58884762506 10.9916292076 1.8009271942 61.9494256748 0.163845337227 0.205522248256
0.207 5.59211366915 11.0354550112 1.81444711402 62.076821861 0.164419782617 0.206890099026
0.2075 5.59461098307 11.078435092 1.82794136965 62.1994046345 0.16499996204 0.208241542015
0.208 5.59636277449 11.1205875616 1.84140826238 62.3172876154 0.165585518946 0.20957643092
0.2085 5.59739183571 11.1619303185 1.85484616094 62.4305826354 0.166176110046 0.210894650195
0.209 5.59772053005 11.2024810297 1.8682534999 62.5393996634 0.166771404918 0.212196112854
0.2095 5.59737078115 11.2422571149 1.88162877793 62.6438467439 0.167371085601 0.213480758399
0.21 5.59636406448 11.281275733 1.89497055617 62.7440299484 0.167974846198 0.214748550878
0.2105 5.5947214011 11.3195537708 1.90827745658 62.8400533369 0.168582392487 0.21599947707
0.211 5.59246335328 11.357107834 1.92154816023 62.9320189298 0.169193441527 0.217233544765
0.2115 5.58961002185 11.3939542389 1.93478140568 63.0200266884 0.169807721281 0.218450781162
0.212 5.58618104504 11.4301090072 1.94797598738 63.1041745026 0.170424970239 0.21965123136
0.2125 5.58219559871 11.4655878606 1.96113075396 63.1845581862 0.171044937059 0.220834956938
0.213 5.57767239773 11.500406218 1.97424460675 63.2612714776 0.171667380206 0.222002034623
0.2135 5.57262969841 11.5345791928 1.98731649811 63.3344060462 0.172292067609 0.223152555045
0.214 5.5670853019 11.5681215918 2.00034542995 63.4040515034 0.172918776319 0.22428662156
0.2145 5.56105655836 11.6010479149 2.01333045218 63.4702954176 0.173547292188 0.225404349151
0.215 5.55456037184 11.6333723555 2.02627066121 63.5332233334 0.17417740955 0.226505863396
0.2155 5.54761320579 11.6651088013 2.03916519852 63.5929187929 0.17480893091 0.227591299498
0.216 5.54023108909 11.6962708367 2.0520132492 63.6494633605 0.175441666652 0.228660801382
0.2165 5.53242962252 11.7268717442 2.06481404056 63.7029366502 0.176075434745 0.229714520841
0.217 5.52422398567 11.756924508 2.07756684077 63.7534163537 0.176710060472 0.230752616744
0.2175 5.51562894406 11.7864418166 2.0902709575 63.8009782716 0.177345376156 0.231775254288
0.218 5.50665885667 11.8154360666 2.10292573664 63.8456963451 0.177981220904 0.232782604305
0.2185 5.49732768357 11.8439193666 2.115530561 63.8876426891 0.178617440353 0.233774842609
0.219 5.48764899377 11.8719035411 2.1280848491 63.9268876263 0.179253886433 0.234752149391
0.2195 5.47763597322 11.899400135 2.14058805393 63.9634997219 0.179890417134 0.235714708647
0.22 5.46730143284 11.9264204183 2.15303966182 63.9975458187 0.180526896278 0.236662707655
0.2205 5.45665781672 11.9529753904 2.16543919122 64.0290910731 0.181163193305 0.237596336479
0.221 5.44571721025 11.9790757853 2.17778619167 64.0581989907 0.181799183068 0.238515787511
0.2215 5.43449134828 12.0047320763 2.19008024267 64.0849314627 0.182434745628 0.239421255044
0.222 5.42299162337 12.0299544813 2.20232095264 64.1093488014 0.183069766063 0.240312934875
0.2225 5.41122909385 12.0547529675 2.21450795788 64.1315097769 0.183704134282 0.241191023939
0.223 5.39921449194 12.0791372568 2.22664092161 64.1514716519 0.184337744847 0.242055719969
0.2235 5.38695823178 12.1031168308 2.238719533 64.1692902183 0.184970496799 0.242907221175
0.224 5.37447041735 12.126700936 2.25074350623 64.1850198316 0.185602293493 0.243745725957
0.2245 5.36176085034 12.149898589 2.26271257956 64.1987134458 0.186233042439 0.244571432633
0.225 5.34883903789 12.1727185814 2.27462651451 64.2104226485 0.186862655149 0.245384539191
0.2255 5.33571420023 12.195169485 2.28648509493 64.2201976939 0.187491046987 0.246185243061
0.226 5.32239527821 12.217259657 2.29828812627 64.2280875367 0.188118137028 0.246973740902
0.2265 5.30889094069 12.2389972448 2.31003543469 64.2341398652 0.188743847923 0.247750228411
0.227 5.29520959182 12.2603901909 2.32172686635 64.2384011331 0.189368105762 0.248514900148
0.2275 5.28135937817 12.281446238 2.3333622866 64.2409165914 0.189990839954 0.249267949369
0.228 5.26734819573 12.3021729337 2.34494157931 64.2417303201 0.190611983099 0.250009567886
0.2285 5.25318369676 12.3225776352 2.35646464615 64.2408852577 0.191231470875 0.250739945929
0.229 5.23887329653 12.3426675142 2.3679314059 64.238423232 0.191849241922 0.251459272026
0.2295 5.22442417986 12.3624495612 2.37934179377 64.2343849888 0.192465237734 0.252167732894
0.23 5.2098433076 12.38193059 2.39069576081 64.228810221 0.193079402556 0.252865513344
0.2305 5.19513742285 12.4011172426 2.40199327325 64.2217375959 0.193691683278 0.253552796185
0.231 5.18031305718 12.420015993 2.41323431195 64.2132047835 0.194302029346 0.254229762157
0.2315 5.16537653654 12.4386331519 2.42441887177 64.2032484822 0.194910392659 0.254896589851
0.232 5.15033398718 12.4569748703 2.43554696104 64.1919044455 0.195516727488 0.255553455655
0.2325 5.13519134134 12.4750471444 2.44661860103 64.1792075073 0.196120990382 0.256200533699
0.233 5.11995434279 12.492855819 2.45763382539 64.1651916067 0.196723140089 0.256837995809
0.2335 5.10462855232 12.5104065914 2.4685926797 64.149889812 0.197323137474 0.257466011468
0.234 5.08921935295 12.5277050157 2.47949522092 64.1333343447 0.197920945441 0.258084747782
0.2345 5.07373195517 12.5447565061 2.49034151699 64.1155566018 0.19851652886 0.258694369457
0.235 5.05817140191 12.5615663408 2.5011316463 64.0965871791 0.199109854491 0.259295038771
0.2355 5.04254257342 12.5781396653 2.5118656973 64.0764558922 0.199700890921 0.259886915563
0.236 5.02685019206 12.5944814962 2.52254376806 64.0551917979 0.200289608493 0.260470157219
0.2365 5.01109882692 12.6105967245 2.53316596587 64.0328232152 0.200875979242 0.261044918664
0.237 4.99529289832 12.6264901188 2.54373240681 64.009377745 0.201459976833 0.261611352359
0.2375 4.9794366822 12.6421663284 2.55424321541 63.9848822899 0.202041576503 0.262169608301
0.238 4.96353431437 12.6576298871 2.56469852426 63.9593630731 0.202620755001 0.262719834023
0.2385 4.94758979468 12.6728852156 2.57509847363 63.9328456571 0.203197490534 0.263262174608
0.239 4.93160699101 12.6879366245 2.58544321118 63.9053549611 0.203771762713 0.263796772688
0.2395 4.91558964324 12.7027883179 2.59573289156 63.8769152796 0.204343552501 0.264323768466
0.24 4.89954136702 12.7174443954 2.60596767614 63.8475502982 0.204912842165 0.264843299722
0.2405 4.88346565746 12.7319088555 2.61614773269 63.8172831111 0.205479615223 0.265355501832
0.241 4.86736589278 12.746185598 2.62627323506 63.7861362366 0.206043856405 0.26586050779
0.2415 4.85124533774 12.7602784265 2.63634436291 63.754131633 0.206605551603 0.266358448223
0.242 4.83510714708 12.7741910513 2.64636130141 63.7212907138 0.207164687829 0.266849451413
0.2425 4.81895436879 12.7879270918 2.65632424101 63.6876343621 0.207721253174 0.267333643323
0.243 4.80278994731 12.8014900787 2.66623337712 63.6531829457 0.208275236768 0.26781114762
0.2435 4.78661672668 12.8148834565 2.67608890993 63.6179563302 0.208826628742 0.268282085699
0.244 4.77043745348 12.8281105858 2.68589104412 63.5819738932 0.209375420187 0.268746576712
0.2445 4.75425477985 12.8411747457 2.69563998861 63.545254537 0.209921603124 0.269204737595
0.245 4.73807126627 12.8540791355 2.70533595642 63.5078167018 0.210465170464 0.269656683094
0.2455 4.72188938436 12.8668268774 2.71497916435 63.4696783778 0.211006115977 0.270102525797
0.246 4.70571151954 12.879421018 2.72456983283 63.4308571173 0.211544434258 0.270542376161
0.2465 4.68953997366 12.8918645308 2.73410818572 63.3913700468 0.212080120698 0.270976342544
0.247 4.6733769675 12.9041603177 2.74359445008 63.3512338778 0.212613171452 0.271404531235
0.2475 4.65722464324 12.9163112113 2.75302885603 63.3104649186 0.213143583411 0.271827046483
0.248 4.64108506682 12.9283199764 2.76241163652 63.2690790842 0.213671354172 0.272243990533
0.2485 4.62496023031 12.9401893119 2.77174302718 63.2270919076 0.214196482013 0.272655463652
0.249 4.60885205406 12.9519218526 2.78102326618 63.1845185493 0.214718965867 0.273061564161
0.2495 4.59276238896 12.963520171 2.790252594 63.1413738075 0.215238805294 0.273462388472
0.25 4.57669301852 12.9749867785 2.79943125334 63.0976721276 0.215756000459 0.273858031112
0.2505 4.56064566091 12.9863241277 2.80855948894 63.0534276114 0.216270552107 0.27424858476
0.251 4.54462197095 12.9975346132 2.81763754742 63.0086540264 0.216782461541 0.274634140279
0.2515 4.52862354207 13.0086205736 2.82666567719 62.9633648144 0.217291730602 0.275014786741
0.252 4.51265190815 13.0195842929 2.83564412825 62.9175730999 0.217798361642 0.275390611468
0.2525 4.49670854537 13.0304280018 2.84457315214 62.8712916988 0.218302357509 0.275761700053
0.253 4.48079487392 13.0411538791 2.85345300174 62.824533126 0.218803721525 0.276128136399
0.2535 4.46491225977 13.0517640533 2.86228393119 62.7773096037 0.219302457468 0.276490002746
0.254 4.4490620163 13.0622606036 2.87106619576 62.7296330684 0.21979856955 0.276847379702
0.2545 4.43324540592 13.0726455612 2.87980005177 62.6815151789 0.220292062405 0.277200346275
0.255 4.41746364162 13.082920911 2.88848575644 62.6329673231 0.220782941065 0.277548979898
0.2555 4.40171788849 13.0930885919 2.89712356782 62.5840006253 0.22127121095 0.277893356466
0.256 4.38600926522 13.1031504992 2.90571374466 62.5346259525 0.221756877847 0.27823355036
0.2565 4.37033884549 13.1131084845 2.91425654635 62.4848539216 0.222239947895 0.278569634477
0.257 4.35470765936 13.1229643578 2.92275223281 62.4346949051 0.222720427574 0.278901680259
0.2575 4.33911669464 13.1327198879 2.93120106441 62.384159038 0.223198323686 0.279229757723
0.258 4.32356689817 13.1423768038 2.93960330187 62.3332562235 0.223673643342 0.279553935486
0.2585 4.30805917709 13.1519367957 2.94795920621 62.281996139 0.224146393949 0.279874280793
0.259 4.29259440008 13.1614015159 2.95626903862 62.2303882416 0.224616583199 0.280190859548
0.2595 4.27717339852 13.1707725799 2.96453306045 62.1784417739 0.225084219052 0.280503736335
0.26 4.26179696769 13.180051567 2.97275153309 62.1261657695 0.225549309727 0.280812974448
0.2605 4.24646586784 13.1892400216 2.98092471793 62.0735690578 0.226011863689 0.281118635916
0.261 4.23118082532 13.1983394541 2.98905287626 62.0206602696 0.226471889639 0.281420781528
0.2615 4.21594253361 13.2073513414 2.99713626925 61.9674478418 0.226929396499 0.281719470861
0.262 4.20075165437 13.216277128 3.00517515786 61.9139400222 0.227384393409 0.282014762299
0.2625 4.18560881839 13.2251182268 3.01316980279 61.8601448745 0.227836889707 0.282306713062
0.263 4.17051462658 13.2338760198 3.02112046442 61.8060702824 0.228286894927 0.282595379229
0.2635 4.15546965093 13.2425518592 3.02902740276 61.7517239544 0.228734418786 0.282880815761
0.264 4.14047443537 13.2511470676 3.03689087741 61.6971134281 0.229179471175 0.283163076524
0.2645 4.12552949668 13.2596629391 3.04471114749 61.6422460742 0.229622062149 0.283442214309
0.265 4.11063532531 13.2681007401 3.05248847159 61.5871291007 0.230062201922 0.283718280862
0.2655 4.09579238627 13.2764617096 3.06022310778 61.531769557 0.230499900856 0.283991326895
0.266 4.08100111987 13.2847470603 3.06791531348 61.4761743375 0.23093516945 0.284261402117
0.2665 4.06626194253 13.292957979 3.07556534548 61.4203501856 0.231368018341 0.284528555251
0.267 4.05157524756 13.3010956273 3.0831734599 61.3643036972 0.231798458285 0.284792834051
0.2675 4.03694140582 13.3091611422 3.09073991212 61.3080413244 0.23222650016 0.285054285331
0.268 4.02236076652 13.3171556368 3.09826495676 61.251569379 0.232652154954 0.285312954975
0.2685 4.00783365785 13.3250802008 3.10574884766 61.1948940354 0.233075433757 0.285568887965
0.269 3.99336038769 13.3329359012 3.11319183783 61.1380213346 0.233496347759 0.285822128393
0.2695 3.97894124421 13.3407237825 3.12059417942 61.080957187 0.233914908239 0.286072719486
0.27 3.96457649658 13.3484448677 3.1279561237 61.0237073755 0.234331126563 0.286320703619
0.2705 3.95026639549 13.3561001586 3.13527792102 60.9662775585 0.234745014173 0.286566122335
0.271 3.93601117381 13.3636906362 3.1425598208 60.9086732731 0.23515658259 0.286809016365
0.2715 3.92181104716 13.3712172616 3.14980207147 60.8508999376 0.235565843397 0.287049425641
0.272 3.90766621444 13.378680976 3.15700492051 60.7929628547 0.235972808245 0.287287389314
0.2725 3.8935768584 13.3860827014 3.16416861435 60.7348672139 0.236377488838 0.287522945775
0.273 3.87954314614 13.3934233413 3.17129339839 60.6766180942 0.236779896937 0.287756132664
0.2735 3.86556522965 13.4007037807 3.17837951701 60.6182204669 0.237180044349 0.28798698689
0.274 3.8516432463 13.4079248867 3.18542721347 60.5596791978 0.237577942924 0.288215544647
0.2745 3.83777731931 13.4150875092 3.19243672997 60.5009990498 0.237973604554 0.288441841428
0.275 3.82396755821 13.4221924809 3.19940830757 60.4421846855 0.238367041161 0.28866591204
0.2755 3.81021405933 13.429240618 3.20634218623 60.3832406688 0.238758264703 0.288887790616
0.276 3.79651690618 13.4362327205 3.21323860476 60.3241714682 0.239147287161 0.289107510635
0.2765 3.78287616995 13.4431695724 3.22009780081 60.2649814581 0.239534120541 0.289325104932
0.277 3.76929190986 13.4500519424 3.22692001085 60.2056749214 0.239918776869 0.289540605711
0.2775 3.75576417359 13.4568805841 3.23370547018 60.1462560515 0.240301268185 0.289754044561
0.278 3.74229299768 13.4636562364 3.24045441291 60.0867289543 0.240681606542 0.289965452468
0.2785 3.72887840787 13.4703796237 3.24716707193 60.0270976502 0.241059804003 0.290174859826
0.279 3.71552041953 13.4770514563 3.25384367892 59.967366076 0.241435872637 0.290382296451
0.2795 3.70221903793 13.4836724309 3.26048446434 59.9075380868 0.241809824514 0.290587791597
0.28 3.68897425868 13.4902432309 3.2670896574 59.8476174581 0.242181671708 0.29079137396
0.2805 3.67578606798 13.4967645262 3.27365948608 59.787607887 0.242551426286 0.290993071696
0.281 3.662654443 13.5032369743 3.28019417711 59.7275129944 0.242919100312 0.291192912431
0.2815 3.64957935219 13.50966122 3.28669395595 59.6673363267 0.243284705843 0.291390923269
0.282 3.63656075555 13.516037896 3.2931590468 59.6070813573 0.243648254922 0.29158713081
0.2825 3.62359860497 13.5223676228 3.29958967261 59.5467514882 0.244009759581 0.291781561153
0.283 3.61069284449 13.5286510096 3.30598605503 59.4863500516 0.244369231839 0.29197423991
0.2835 3.5978434106 13.5348886539 3.31234841444 59.4258803117 0.244726683694 0.292165192219
0.284 3.58505023249 13.5410811423 3.31867696994 59.3653454656 0.245082127126 0.292354442749
0.2845 3.57231323233 13.5472290503 3.32497193933 59.3047486456 0.245435574093 0.292542015711
0.285 3.55963232552 13.553332943 3.33123353915 59.2440929197 0.245787036529 0.292727934872
0.2855 3.54700742093 13.5593933748 3.33746198461 59.1833812937 0.246136526345 0.292912223557
0.286 3.53443842115 13.5654108901 3.34365748965 59.1226167124 0.246484055421 0.293094904666
0.2865 3.52192522273 13.5713860234 3.3498202669 59.0618020605 0.246829635611 0.293276000678
0.287 3.50946771637 13.5773192995 3.35595052771 59.0009401644 0.247173278736 0.293455533658
0.2875 3.4970657872 13.5832112335 3.36204848211 58.9400337935 0.247514996587 0.293633525274
0.288 3.48471931493 13.5890623314 3.36811433884 58.8790856607 0.247854800919 0.293809996795
0.2885 3.47242817411 13.5948730901 3.37414830534 58.8180984246 0.248192703453 0.293984969108
0.289 3.46019223428 13.6006439976 3.38015058777 58.7570746898 0.248528715873 0.294158462719
0.2895 3.4480113602 13.6063755331 3.38612139095 58.6960170086 0.248862849826 0.294330497766
0.29 3.43588541203 13.6120681673 3.39206091844 58.634927882 0.249195116917 0.294501094026
0.2905 3.4238142455 13.617722363 3.39796937248 58.5738097605 0.249525528713 0.294670270917
0.291 3.41179771212 13.6233385742 3.40384695403 58.5126650456 0.249854096739 0.294838047515
0.2915 3.39983565931 13.6289172476 3.40969386275 58.4514960903 0.250180832477 0.295004442552
0.292 3.38792793059 13.6344588216 3.41551029701 58.3903052008 0.250505747364 0.295169474428
0.2925 3.37607436573 13.6399637274 3.42129645388 58.3290946368 0.250828852794 0.295333161216
0.293 3.36427480093 13.6454323884 3.42705252917 58.267866613 0.251150160113 0.295495520672
0.2935 3.35252906895 13.6508652211 3.43277871737 58.2066232997 0.251469680623 0.295656570236
0.294 3.34083699926 13.6562626345 3.43847521173 58.1453668237 0.251787425577 0.295816327043
0.2945 3.3291984182 13.6616250308 3.44414220419 58.0840992697 0.252103406178 0.295974807928
0.295 3.31761314908 13.6669528053 3.44977988542 58.0228226805 0.252417633583 0.29613202943
0.2955 3.30608101236 13.6722463469 3.45538844484 57.9615390583 0.252730118897 0.296288007801
0.296 3.29460182576 13.6775060375 3.46096807059 57.9002503652 0.253040873175 0.296442759012
0.2965 3.28317540438 13.682732253 3.46651894954 57.8389585246 0.253349907419 0.296596298756
0.297 3.27180156084 13.6879253628 3.47204126731 57.7776654212 0.253657232582 0.296748642455
0.2975 3.26048010536 13.6930857302 3.47753520828 57.7163729024 0.253962859563 0.296899805267
0.298 3.24921084594 13.6982137126 3.48300095555 57.655082779 0.254266799207 0.297049802088
0.2985 3.2379935884 13.7033096614 3.488438691 57.5937968255 0.254569062307 0.29719864756
0.299 3.22682813655 13.7083739224 3.49384859527 57.5325167813 0.254869659601 0.297346356077
0.2995 3.21571429225 13.7134068355 3.49923084774 57.4712443513 0.255168601772 0.297492941786
0.3 3.20465185553 13.7184087353 3.50458562659 57.4099812063 0.25546589945 0.297638418596
0.3005 3.1936406247 13.723379951 3.50991310876 57.3487289842 0.255761563208 0.297782800181
0.301 3.18268039642 13.7283208063 3.51521346997 57.2874892901 0.256055603563 0.297926099983
0.3015 3.17177096581 13.73323162 3.52048688474 57.2262636974 0.256348030977 0.29806833122
0.302 3.16091212653 13.7381127056 3.52573352636 57.1650537482 0.256638855854 0.29820950689
0.3025 3.15010367088 13.7429643717 3.53095356693 57.1038609541 0.256928088543 0.298349639771
0.303 3.13934538986 13.747786922 3.53614717736 57.0426867964 0.257215739336 0.298488742433
0.3035 3.12863707328 13.7525806554 3.54131452736 56.9815327273 0.257501818466 0.298626827234
0.304 3.11797850983 13.7573458662 3.54645578546 56.92040017 0.257786336111 0.29876390633
0.3045 3.10736948713 13.7620828441 3.551571119 56.8592905193 0.258069302389 0.298899991676
0.305 3.09680979184 13.7667918743 3.55666069416 56.7982051425 0.258350727361 0.299035095033
0.3055 3.08629920973 13.7714732375 3.56172467594 56.7371453797 0.258630621031 0.299169227966
0.306 3.0758375257 13.7761272103 3.5667632282 56.6761125441 0.258908993344 0.299302401856
0.3065 3.06542452391 13.7807540648 3.57177651362 56.615107923 0.259185854187 0.299434627896
0.307 3.05505998783 13.7853540691 3.57676469375 56.554132778 0.259461213388 0.299565917098
0.3075 3.04474370025 13.7899274873 3.581727929 56.4931883456 0.259735080718 0.2996962803
0.308 3.03447544342 13.7944745793 3.58666637863 56.4322758375 0.260007465889 0.299825728161
0.3085 3.02425499906 13.7989956014 3.59158020079 56.3713964415 0.260278378552 0.299954271172
0.309 3.01408214842 13.8034908059 3.59646955248 56.3105513215 0.260547828304 0.300081919656
0.3095 3.00395667235 13.8079604412 3.60133458962 56.2497416182 0.26081582468 0.300208683773
0.31 2.99387835134 13.8124047523 3.60617546699 56.1889684494 0.261082377157 0.300334573519
0.3105 2.98384696558 13.8168239805 3.61099233829 56.1282329106 0.261347495155 0.300459598734
0.311 2.97386229502 13.8212183634 3.61578535611 56.0675360755 0.261611188034 0.300583769104
0.3115 2.96392411939 13.8255881353 3.62055467196 56.0068789959 0.261873465095 0.300707094162
0.312 2.95403221826 13.829933527 3.62530043625 55.9462627028 0.262134335582 0.30082958329
0.3125 2.94418637109 13.8342547661 3.63002279835 55.8856882063 0.262393808681 0.300951245727
0.313 2.9343863573 13.8385520768 3.63472190651 55.8251564963 0.262651893517 0.301072090568
0.3135 2.92463195623 13.8428256802 3.63939790797 55.7646685427 0.262908599159 0.301192126765
0.314 2.91492294728 13.8470757939 3.64405094889 55.7042252956 0.263163934618 0.301311363135
0.3145 2.90525910987 13.851302633 3.64868117437 55.6438276863 0.263417908846 0.301429808357
0.315 2.89564022354 13.855506409 3.65328872849 55.5834766269 0.263670530737 0.301547470978
0.3155 2.88606606793 13.8596873308 3.65787375427 55.5231730112 0.263921809127 0.301664359416
0.316 2.87653642287 13.8638456041 3.66243639374 55.4629177147 0.264171752797 0.30178048196
0.3165 2.86705106835 13.867981432 3.66697678788 55.4027115951 0.264420370467 0.301895846772
0.317 2.85760978461 13.8720950146 3.67149507665 55.3425554927 0.264667670802 0.302010461892
0.3175 2.84821235218 13.8761865492 3.67599139901 55.2824502307 0.264913662408 0.302124335241
0.318 2.83885855182 13.8802562307 3.68046589294 55.2223966151 0.265158353836 0.302237474619
0.3185 2.82954816467 13.8843042509 3.6849186954 55.1623954357 0.265401753579 0.30234988771
0.319 2.82028097218 13.8883307993 3.68934994237 55.102447466 0.265643870072 0.302461582084
0.3195 2.8110567562 13.8923360627 3.69375976884 55.0425534634 0.265884711697 0.302572565198
0.32 2.80187529897 13.8963202255 3.69814830884 54.9827141698 0.266124286777 0.3026828444
0.3205 2.79273638317 13.9002834695 3.70251569543 54.9229303117 0.26636260358 0.302792426929
0.321 2.78363979193 13.9042259741 3.70686206071 54.8632026006 0.266599670318 0.302901319919
0.3215 2.77458530885 13.9081479163 3.71118753582 54.8035317329 0.266835495147 0.303009530399
0.322 2.76557271803 13.9120494709 3.71549225095 54.7439183908 0.267070086167 0.303117065295
0.3225 2.75660180412 13.9159308102 3.71977633536 54.6843632421 0.267303451425 0.303223931434
0.323 2.74767235226 13.9197921044 3.72403991737 54.6248669404 0.267535598912 0.303330135544
0.3235 2.73878414821 13.9236335213 3.72828312438 54.5654301259 0.267766536563 0.303435684254
0.324 2.72993697828 13.9274552268 3.73250608285 54.5060534249 0.267996272259 0.303540584102
0.3245 2.72113062937 13.9312573844 3.73670891834 54.4467374507 0.26822481383 0.303644841529
0.325 2.71236488904 13.9350401556 3.74089175552 54.3874828034 0.268452169046 0.303748462886
0.3255 2.70363954544 13.9388036998 3.74505471812 54.3282900704 0.26867834563 0.303851454434
0.326 2.69495438741 13.9425481744 3.749197929 54.2691598264 0.268903351245 0.303953822344
0.3265 2.68630920444 13.9462737348 3.75332151013 54.2100926339 0.269127193507 0.304055572702
0.327 2.67770378671 13.9499805345 3.7574255826 54.1510890431 0.269349879973 0.304156711508
0.3275 2.66913792508 13.9536687249 3.76151026661 54.0921495924 0.269571418153 0.304257244677
0.328 2.66061141115 13.9573384557 3.76557568152 54.0332748086 0.2697918155 0.304357178043
0.3285 2.65212403723 13.9609898746 3.76962194579 53.9744652067 0.270011079418 0.304456517359
0.329 2.64367559637 13.9646231276 3.77364917706 53.9157212906 0.270229217258 0.304555268298
0.3295 2.63526588236 13.9682383587 3.7776574921 53.8570435532 0.270446236319 0.304653436455
0.33 2.62689468977 13.9718357103 3.78164700684 53.7984324762 0.270662143848 0.304751027348
0.3305 2.61856181394 13.9754153231 3.78561783638 53.7398885309 0.270876947043 0.304848046421
0.331 2.61026705098 13.9789773359 3.78957009498 53.6814121779 0.271090653051 0.304944499041
0.3315 2.60201019779 13.982521886 3.79350389607 53.6230038675 0.271303268967 0.305040390505
0.332 2.5937910521 13.986049109 3.79741935228 53.5646640399 0.271514801836 0.305135726038
0.3325 2.58560941243 13.9895591387 3.80131657542 53.5063931252 0.271725258654 0.305230510793
0.333 2.57746507812 13.9930521076 3.80519567649 53.4481915438 0.271934646368 0.305324749855
0.3335 2.56935784935 13.9965281464 3.80905676569 53.3900597065 0.272142971874 0.305418448242
0.334 2.56128752712 13.9999873844 3.81289995244 53.3319980146 0.272350242021 0.305511610903
0.3345 2.55325391329 14.0034299493 3.81672534534 53.2740068599 0.272556463606 0.305604242723
0.335 2.54525681057 14.0068559673 3.82053305224 53.2160866254 0.272761643381 0.305696348522
0.3355 2.5372960225 14.0102655631 3.8243231802 53.1582376849 0.272965788048 0.305787933057
0.336 2.52937135352 14.0136588601 3.82809583551 53.1004604035 0.273168904263 0.305879001022
0.3365 2.52148260892 14.01703598 3.83185112371 53.0427551374 0.273370998631 0.305969557049
0.337 2.51362959487 14.0203970435 3.83558914955 52.9851222346 0.273572077712 0.306059605712
0.3375 2.50581211841 14.0237421696 3.83931001705 52.9275620344 0.273772148021 0.306149151523
0.338 2.49802998747 14.027071476 3.8430138295 52.8700748682 0.273971216022 0.306238198938
0.3385 2.49028301086 14.0303850791 3.8467006894 52.812661059 0.274169288136 0.306326752355
0.339 2.48257099831 14.033683094 3.85037069856 52.7553209219 0.274366370736 0.306414816114
0.3395 2.47489376041 14.0369656345 3.85402395803 52.6980547645 0.274562470151 0.306502394501
0.34 2.46725110868 14.0402328132 3.85766056816 52.6408628863 0.274757592662 0.306589491748
0.3405 2.45964285552 14.0434847412 3.86128062857 52.5837455795 0.274951744508 0.306676112033
0.341 2.45206881425 14.0467215287 3.86488423816 52.5267031287 0.27514493188 0.30676225948
0.3415 2.44452879909 14.0499432845 3.86847149513 52.4697358115 0.275337160927 0.306847938163
0.342 2.43702262517 14.0531501161 3.87204249698 52.4128438979 0.275528437752 0.306933152104
0.3425 2.42955010855 14.0563421301 3.87559734051 52.3560276513 0.275718768414 0.307017905274
0.343 2.42211106618 14.0595194316 3.87913612182 52.2992873279 0.27590815893 0.307102201595
0.3435 2.41470531595 14.062682125 3.88265893635 52.2426231771 0.276096615271 0.307186044942
0.344 2.40733267665 14.0658303131 3.88616587882 52.1860354417 0.276284143368 0.307269439141
0.3445 2.399992968 14.068964098 3.88965704332 52.1295243578 0.276470749107 0.30735238797
0.345 2.39268601064 14.0720835803 3.89313252323 52.0730901552 0.276656438331 0.307434895163
0.3455 2.38541162611 14.07518886 3.89659241129 52.0167330572 0.276841216843 0.307516964406
0.346 2.37816963691 14.0782800356 3.90003679957 51.9604532809 0.277025090402 0.307598599341
0.3465 2.37095986642 14.0813572049 3.90346577948 51.9042510371 0.277208064726 0.307679803566
0.347 2.36378213898 14.0844204644 3.90687944181 51.8481265308 0.277390145493 0.307760580638
0.3475 2.35663627982 14.0874699098 3.91027787666 51.792079961 0.277571338338 0.307840934066
0.348 2.34952211512 14.0905056357 3.91366117353 51.7361115207 0.277751648856 0.307920867321
0.3485 2.34243947195 14.0935277357 3.91702942126 51.6802213974 0.277931082601 0.308000383832
0.349 2.33538817834 14.0965363026 3.92038270807 51.6244097726 0.278109645088 0.308079486987
0.3495 2.32836806321 14.0995314279 3.92372112157 51.5686768226 0.278287341791 0.308158180132
0.35 2.32137895642 14.1025132026 3.92704474873 51.5130227181 0.278464178144 0.308236466577
0.3505 2.31442068872 14.1054817164 3.9303536759 51.4574476243 0.278640159543 0.30831434959
0.351 2.3074930918 14.1084370584 3.93364798885 51.4019517015 0.278815291345 0.308391832402
0.3515 2.30059599828 14.1113793164 3.93692777272 51.3465351043 0.278989578867 0.308468918207
0.352 2.29372924166 14.1143085778 3.94019311205 51.2911979826 0.279163027387 0.30854561016
0.3525 2.28689265638 14.1172249288 3.9434440908 51.2359404811 0.279335642146 0.308621911381
0.353 2.28008607778 14.1201284548 3.94668079233 51.1807627396 0.279507428348 0.308697824954
0.3535 2.27330934211 14.1230192403 3.9499032994 51.1256648931 0.279678391156 0.308773353927
0.354 2.26656228654 14.1258973692 3.95311169422 51.0706470718 0.2798485357 0.308848501313
0.3545 2.25984474913 14.1287629243 3.95630605839 51.0157094011 0.280017867069 0.308923270091
0.355 2.25315656887 14.1316159877 3.95948647296 50.960852002 0.280186390317 0.308997663206
0.3555 2.24649758562 14.1344566408 3.9626530184 50.9060749907 0.280354110462 0.30907168357
0.356 2.23986764016 14.137284964 3.96580577461 50.8513784793 0.280521032483 0.309145334061
0.3565 2.23326657417 14.1401010371 3.96894482097 50.7967625751 0.280687161327 0.309218617525
0.357 2.22669423021 14.1429049389 3.97207023624 50.7422273815 0.2808525019 0.309291536778
0.3575 2.22015045175 14.1456967478 3.97518209869 50.6877729972 0.281017059079 0.309364094603
0.358 2.21363508314 14.1484765412 3.97828048601 50.6333995173 0.281180837699 0.30943629375
0.3585 2.20714796962 14.1512443957 3.98136547536 50.5791070322 0.281343842565 0.309508136944
0.359 2.20068895731 14.1540003874 3.98443714335 50.5248956287 0.281506078445 0.309579626874
0.3595 2.19425789322 14.1567445914 3.98749556607 50.4707653895 0.281667550072 0.309650766203
0.36 2.18785462524 14.1594770825 3.99054081908 50.4167163933 0.281828262148 0.309721557564
0.3605 2.18147900213 14.1621979344 3.99357297742 50.3627487151 0.281988219337 0.309792003561
0.361 2.17513087352 14.1649072203 3.99659211558 50.3088624261 0.282147426272 0.30986210677
0.3615 2.16881008993 14.1676050126 3.99959830756 50.2550575938 0.282305887551 0.309931869739
0.362 2.16251650271 14.1702913833 4.00259162685 50.2013342821 0.282463607741 0.310001294988
0.3625 2.15624996411 14.1729664034 4.00557214641 50.1476925511 0.282620591372 0.310070385011
0.363 2.15001032722 14.1756301434 4.00853993872 50.0941324576 0.282776842946 0.310139142274
0.3635 2.143797446 14.1782826732 4.01149507574 50.0406540549 0.28293236693 0.310207569217
0.364 2.13761117524 14.180924062 4.01443762893 49.9872573927 0.283087167759 0.310275668255
0.3645 2.13145137062 14.1835543784 4.01736766928 49.9339425178 0.283241249836 0.310343441777
0.365 2.12531788863 14.1861736904 4.02028526726 49.8807094731 0.283394617534 0.310410892145
0.3655 2.11921058662 14.1887820653 4.02319049289 49.8275582987 0.283547275191 0.310478021698
0.366 2.11312932278 14.1913795698 4.02608341568 49.7744890314 0.283699227117 0.310544832751
0.3665 2.10707395612 14.1939662702 4.02896410468 49.7215017049 0.28385047759 0.310611327593
0.367 2.10104434651 14.1965422319 4.03183262845 49.6685963496 0.284001030857 0.31067750849
0.3675 2.09504035463 14.1991075199 4.03468905509 49.6157729931 0.284150891134 0.310743377685
0.368 2.08906184199 14.2016621987 4.03753345223 49.56303166 0.284300062609 0.310808937397
0.3685 2.08310867091 14.204206332 4.04036588704 49.5103723719 0.284448549436 0.310874189823
0.369 2.07718070455 14.2067399832 4.04318642623 49.4577951476 0.284596355744 0.310939137135
0.3695 2.07127780687 14.209263215 4.04599513605 49.4053000029 0.284743485628 0.311003781487
0.37 2.06539984265 14.2117760896 4.04879208231 49.352886951 0.284889943156 0.311068125007
0.3705 2.05954667745 14.2142786685 4.05157733035 49.3005560023 0.285035732367 0.311132169804
0.371 2.05371817766 14.2167710129 4.05435094509 49.2483071645 0.285180857271 0.311195917965
0.3715 2.04791421047 14.2192531834 4.05711299099 49.1961404426 0.285325321847 0.311259371555
0.372 2.04213464384 14.2217252401 4.05986353207 49.1440558391 0.285469130049 0.311322532618
0.3725 2.03637934655 14.2241872423 4.06260263193 49.0920533538 0.2856122858 0.31138540318
0.373 2.03064818814 14.2266392493 4.06533035374 49.0401329841 0.285754792997 0.311447985245
0.3735 2.02494103894 14.2290813196 4.06804676021 48.988294725 0.285896655507 0.311510280797
0.374 2.01925777008 14.2315135111 4.07075191367 48.9365385689 0.286037877173 0.311572291801
0.3745 2.01359825344 14.2339358814 4.073445876 48.8848645058 0.286178461806 0.311634020202
0.375 2.00796236169 14.2363484877 4.07612870866 48.8332725236 0.286318413194 0.311695467925
0.3755 2.00234996824 14.2387513864 4.07880047272 48.7817626075 0.286457735094 0.311756636879
0.376 1.99676094728 14.2411446337 4.08146122881 48.7303347408 0.286596431241 0.311817528951
0.3765 1.99119517377 14.2435282853 4.08411103717 48.6789889042 0.286734505339 0.311878146012
0.377 1.98565252342 14.2459023963 4.08674995762 48.6277250767 0.286871961069 0.311938489914
0.3775 1.98013287266 14.2482670215 4.0893780496 48.5765432346 0.287008802084 0.31199856249
0.378 1.97463609871 14.2506222151 4.09199537213 48.5254433525 0.287145032011 0.312058365558
0.3785 1.96916207952 14.252968031 4.09460198384 48.4744254026 0.287280654452 0.312117900915
0.379 1.96371069375 14.2553045227 4.09719794297 48.4234893553 0.287415672984 0.312177170345
0.3795 1.95828182084 14.257631743 4.09978330738 48.3726351788 0.287550091157 0.312236175611
0.38 1.95287534092 14.2599497445 4.10235813451 48.3218628394 0.287683912498 0.312294918461
0.3805 1.94749113488 14.2622585792 4.10492248145 48.2711723014 0.287817140507 0.312353400626
0.381 1.94212908431 14.264558299 4.10747640491 48.2205635274 0.287949778661 0.312411623822
0.3815 1.93678907153 14.2668489551 4.11001996118 48.1700364778 0.288081830411 0.312469589747
0.382 1.93147097957 14.2691305983 4.11255320624 48.1195911113 0.288213299185 0.312527300085
0.3825 1.92617469217 14.2714032791 4.11507619563 48.0692273848 0.288344188386 0.312584756501
0.383 1.92090009378 14.2736670475 4.11758898457 48.0189452535 0.288474501393 0.312641960649
0.3835 1.91564706954 14.2759219533 4.1200916279 47.9687446705 0.288604241561 0.312698914163
0.384 1.91041550531 14.2781680456 4.12258418009 47.9186255877 0.288733412223 0.312755618665
0.3845 1.90520528764 14.2804053734 4.12506669525 47.8685879548 0.288862016686 0.312812075761
0.385 1.90001630375 14.2826339851 4.12753922713 47.8186317202 0.288990058236 0.312868287043
0.3855 1.89484844156 14.284853929 4.13000182914 47.7687568304 0.289117540135 0.312924254086
0.386 1.88970158967 14.2870652526 4.13245455432 47.7189632305 0.289244465623 0.312979978454
0.3865 1.88457563737 14.2892680035 4.13489745538 47.6692508639 0.289370837916 0.313035461694
0.387 1.87947047461 14.2914622286 4.13733058465 47.6196196724 0.289496660207 0.313090705341
0.3875 1.87438599202 14.2936479745 4.13975399415 47.5700695964 0.28962193567 0.313145710914
0.388 1.86932208088 14.2958252875 4.14216773554 47.5206005748 0.289746667453 0.313200479919
0.3885 1.86427863315 14.2979942136 4.14457186014 47.4712125449 0.289870858684 0.31325501385
0.389 1.85925554144 14.3001547983 4.14696641895 47.4219054428 0.289994512468 0.313309314187
0.3895 1.85425269902 14.3023070869 4.14935146261 47.3726792027 0.290117631891 0.313363382394
0.39 1.8492699998 14.3044511242 4.15172704146 47.323533758 0.290240220014 0.313417219926
0.3905 1.84430733836 14.3065869548 4.15409320548 47.2744690404 0.290362279879 0.313470828222
0.391 1.83936460989 14.3087146229 4.15645000434 47.2254849801 0.290483814506 0.31352420871
0.3915 1.83444171024 14.3108341724 4.15879748738 47.1765815064 0.290604826895 0.313577362805
0.392 1.82953853589 14.3129456468 4.16113570363 47.127758547 0.290725320023 0.31363029191
0.3925 1.82465498395 14.3150490893 4.1634647018 47.0790160284 0.290845296849 0.313682997413
0.393 1.81979095216 14.3171445429 4.16578453025 47.0303538758 0.29096476031 0.313735480695
0.3935 1.81494633889 14.3192320501 4.16809523708 46.9817720133 0.291083713323 0.313787743119
0.394 1.81012104311 14.3213116532 4.17039687004 46.9332703636 0.291202158784 0.313839786041
0.3945 1.80531496442 14.3233833941 4.17268947658 46.8848488485 0.291320099571 0.313891610803
0.395 1.80052800302 14.3254473145 4.17497310384 46.8365073883 0.29143753854 0.313943218735
0.3955 1.79576005975 14.3275034557 4.17724779866 46.7882459024 0.291554478529 0.313994611158
0.396 1.79101103601 14.3295518588 4.17951360759 46.740064309 0.291670922355 0.314045789378
0.3965 1.78628083383 14.3315925644 4.18177057685 46.6919625251 0.291786872817 0.314096754693
0.397 1.78156935582 14.333625613 4.18401875238 46.6439404669 0.291902332694 0.314147508388
0.3975 1.77687650521 14.3356510447 4.18625817984 46.5959980492 0.292017304745 0.314198051738
0.398 1.77220218578 14.3376688994 4.18848890456 46.5481351859 0.292131791711 0.314248386007
0.3985 1.76754630193 14.3396792167 4.1907109716 46.5003517901 0.292245796315 0.314298512449
0.399 1.76290875862 14.3416820359 4.19292442574 46.4526477734 0.292359321261 0.314348432306
0.3995 1.7582894614 14.3436773958 4.19512931146 46.405023047 0.292472369233 0.31439814681
0.4 1.7536883164 14.3456653353 4.19732567296 46.3574775206 0.292584942898 0.314447657184
0.4005 1.7491052303 14.3476458927 4.19951355414 46.3100111033 0.292697044905 0.314496964638
0.401 1.74454011036 14.3496191063 4.20169299865 46.2626237031 0.292808677884 0.314546070376
0.4015 1.7399928644 14.3515850139 4.20386404984 46.2153152273 0.292919844447 0.314594975588
0.402 1.73546340082 14.3535436532 4.20602675079 46.1680855821 0.293030547189 0.314643681457
0.4025 1.73095162854 14.3554950615 4.20818114431 46.1209346728 0.293140788687 0.314692189153
0.403 1.72645745707 14.3574392759 4.21032727293 46.073862404 0.293250571501 0.314740499841
0.4035 1.72198079644 14.3593763332 4.21246517892 46.0268686793 0.293359898172 0.314788614672
0.404 1.71752155725 14.36130627 4.21459490426 45.9799534017 0.293468771226 0.31483653479
0.4045 1.71307965062 14.3632291227 4.2167164907 45.9331164732 0.29357719317 0.31488426133
0.405 1.70865498822 14.3651449273 4.21882997969 45.886357795 0.293685166495 0.314931795415
0.4055 1.70424748226 14.3670537196 4.22093541244 45.8396772676 0.293792693674 0.314979138163
0.406 1.69985704547 14.3689555352 4.22303282989 45.7930747908 0.293899777166 0.315026290679
0.4065 1.69548359113 14.3708504093 4.22512227273 45.7465502634 0.294006419411 0.315073254061
0.407 1.69112703302 14.3727383772 4.22720378139 45.7001035837 0.294112622832 0.315120029398
0.4075 1.68678728545 14.3746194735 4.22927739603 45.6537346493 0.294218389837 0.315166617771
0.408 1.68246426327 14.376493733 4.23134315659 45.6074433569 0.294323722819 0.315213020252
0.4085 1.6781578818 14.37836119 4.23340110272 45.5612296027 0.294428624152 0.315259237902
0.409 1.67386805692 14.3802218785 4.23545127387 45.5150932821 0.294533096196 0.315305271777
0.4095 1.66959470499 14.3820758325 4.23749370919 45.4690342899 0.294637141295 0.315351122923
0.41 1.66533774287 14.3839230857 4.23952844762 45.4230525203 0.294740761776 0.315396792378
0.4105 1.66109708795 14.3857636715 4.24155552784 45.3771478668 0.294843959953 0.315442281172
0.411 1.6568726581 14.387597623 4.24357498831 45.3313202222 0.294946738121 0.315487590326
0.4115 1.65266437168 14.3894249733 4.24558686722 45.2855694789 0.295049098563 0.315532720855
0.412 1.64847214755 14.3912457552 4.24759120255 45.2398955285 0.295151043544 0.315577673762
0.4125 1.64429590506 14.3930600011 4.24958803202 45.1942982621 0.295252575317 0.315622450048
0.413 1.64013556405 14.3948677434 4.25157739313 45.1487775704 0.295353696116 0.315667050701
0.4135 1.63599104483 14.3966690143 4.25355932314 45.1033333432 0.295454408164 0.315711476705
0.414 1.6318622682 14.3984638455 4.2555338591 45.05796547 0.295554713667 0.315755729033
0.4145 1.62774915543 14.4002522688 4.25750103779 45.0126738398 0.295654614816 0.315799808654
0.415 1.62365162826 14.4020343156 4.2594608958 44.9674583408 0.29575411379 0.315843716527
0.4155 1.61956960891 14.4038100173 4.26141346947 44.9223188611 0.29585321275 0.315887453605
0.416 1.61550302007 14.4055794049 4.26335879493 44.877255288 0.295951913846 0.315931020832
0.4165 1.61145178487 14.4073425091 4.26529690809 44.8322675083 0.296050219212 0.315974419147
0.417 1.60741582693 14.4090993608 4.26722784461 44.7873554086 0.296148130967 0.316017649481
0.4175 1.60339507031 14.4108499902 4.26915163997 44.7425188747 0.296245651219 0.316060712758
0.418 1.59938943952 14.4125944278 4.27106832941 44.6977577923 0.296342782059 0.316103609893
0.4185 1.59539885955 14.4143327034 4.27297794796 44.6530720463 0.296439525566 0.316146341798
0.419 1.5914232558 14.4160648471 4.27488053042 44.6084615215 0.296535883805 0.316188909375
0.4195 1.58746255415 14.4177908884 4.2767761114 44.5639261019 0.296631858828 0.31623131352
0.42 1.5835166809 14.4195108568 4.27866472528 44.5194656715 0.296727452671 0.316273555122
0.4205 1.5795855628 14.4212247815 4.28054640625 44.4750801137 0.296822667359 0.316315635066
0.421 1.57566912704 14.4229326918 4.28242118826 44.4307693114 0.296917504904 0.316357554226
0.4215 1.57176730124 14.4246346165 4.28428910509 44.3865331473 0.297011967304 0.316399313473
0.422 1.56788001344 14.4263305843 4.28615019028 44.3423715037 0.297106056543 0.31644091367
0.4225 1.56400719213 14.4280206237 4.2880044772 44.2982842625 0.297199774593 0.316482355673
0.423 1.56014876621 14.4297047631 4.28985199898 44.2542713053 0.297293123414 0.316523640334
0.4235 1.55630466501 14.4313830307 4.29169278858 44.2103325131 0.297386104952 0.316564768496
0.424 1.55247481828 14.4330554545 4.29352687874 44.1664677671 0.29747872114 0.316605740998
0.4245 1.54865915618 14.4347220622 4.29535430202 44.1226769476 0.297570973899 0.316646558672
0.425 1.54485760929 14.4363828816 4.29717509076 44.0789599349 0.297662865138 0.316687222344
0.4255 1.5410701086 14.43803794 4.29898927713 44.0353166089 0.297754396754 0.316727732832
0.426 1.53729658552 14.4396872648 4.30079689308 43.9917468494 0.297845570629 0.316768090953
0.4265 1.53353697186 14.441330883 4.30259797039 43.9482505356 0.297936388636 0.316808297512
0.427 1.52979119981 14.4429688217 4.30439254064 43.9048275466 0.298026852635 0.316848353313
0.4275 1.52605920199 14.4446011077 4.30618063522 43.8614777611 0.298116964472 0.316888259152
0.428 1.52234091142 14.4462277674 4.30796228532 43.8182010578 0.298206725983 0.316928015819
0.4285 1.51863626149 14.4478488274 4.30973752197 43.7749973147 0.298296138993 0.316967624099
0.429 1.51494518601 14.449464314 4.31150637598 43.7318664101 0.298385205313 0.317007084773
0.4295 1.51126761917 14.4510742532 4.313268878 43.6888082216 0.298473926743 0.317046398612
0.43 1.50760349554 14.452678671 4.3150250585 43.6458226268 0.298562305073 0.317085566387
0.4305 1.50395275008 14.4542775933 4.31677494774 43.602909503 0.298650342079 0.317124588858
0.431 1.50031531814 14.4558710456 4.31851857582 43.5600687272 0.298738039527 0.317163466785
0.4315 1.49669113544 14.4574590535 4.32025597267 43.5173001764 0.298825399173 0.317202200918
0.432 1.49308013809 14.4590416422 4.32198716802 43.4746037273 0.298912422758 0.317240792005
0.4325 1.48948226257 14.4606188369 4.32371219143 43.4319792562 0.298999112017 0.317279240786
0.433 1.48589744572 14.4621906626 4.32543107229 43.3894266395 0.299085468668 0.317317547998
0.4335 1.48232562477 14.4637571442 4.32714383982 43.3469457533 0.299171494424 0.317355714373
0.434 1.4787667373 14.4653183064 4.32885052304 43.3045364735 0.299257190982 0.317393740635
0.4345 1.47522072127 14.4668741738 4.33055115084 43.2621986758 0.299342560032 0.317431627506
0.435 1.471687515 14.4684247707 4.3322457519 43.2199322359 0.29942760325 0.317469375702
0.4355 1.46816705717 14.4699701214 4.33393435475 43.1777370291 0.299512322305 0.317506985933
0.436 1.4646592868 14.4715102501 4.33561698775 43.1356129308 0.299596718852 0.317544458906
0.4365 1.4611641433 14.4730451806 4.33729367909 43.093559816 0.299680794538 0.317581795321
0.437 1.4576815664 14.4745749368 4.33896445681 43.0515775598 0.299764550997 0.317618995874
0.4375 1.4542114962 14.4760995424 4.34062934874 43.009666037 0.299847989855 0.317656061258
0.438 1.45075387316 14.477619021 4.3422883826 42.9678251223 0.299931112727 0.317692992158
0.4385 1.44730863805 14.4791333958 4.34394158592 42.9260546904 0.300013921218 0.317729789257
0.439 1.44387573202 14.4806426902 4.34558898607 42.8843546158 0.300096416922 0.317766453232
0.4395 1.44045509654 14.4821469274 4.34723061027 42.8427247727 0.300178601424 0.317802984755
0.44 1.43704667343 14.4836461301 4.34886648556 42.8011650356 0.300260476298 0.317839384494
0.4405 1.43365040485 14.4851403214 4.35049663884 42.7596752786 0.300342043109 0.317875653114
0.441 1.43026623328 14.4866295239 4.35212109686 42.7182553758 0.300423303412 0.317911791273
0.4415 1.42689410155 14.4881137601 4.35373988619 42.6769052011 0.300504258751 0.317947799626
0.442 1.42353395281 14.4895930526 4.35535303325 42.6356246286 0.300584910663 0.317983678822
0.4425 1.42018573055 14.4910674236 4.35696056434 42.594413532 0.300665260673 0.318019429508
0.443 1.41684937856 14.4925368952 4.35856250555 42.5532717851 0.300745310298 0.318055052325
0.4435 1.41352484099 14.4940014896 4.36015888288 42.5121992616 0.300825061043 0.318090547911
0.444 1.41021206229 14.4954612287 4.36174972213 42.4711958351 0.300904514408 0.318125916897
0.4445 1.40691098724 14.4969161341 4.36333504897 42.4302613793 0.300983671878 0.318161159913
0.445 1.40362156092 14.4983662277 4.36491488893 42.3893957677 0.301062534935 0.318196277584
0.4455 1.40034372875 14.4998115309 4.36648926737 42.3485988737 0.301141105047 0.318231270528
0.446 1.39707743645 14.5012520651 4.36805820954 42.3078705708 0.301219383674 0.318266139364
0.4465 1.39382263005 14.5026878515 4.3696217405 42.2672107325 0.301297372268 0.318300884702
0.447 1.39057925589 14.5041189115 4.3711798852 42.2266192319 0.301375072272 0.318335507151
0.4475 1.38734726064 14.5055452659 4.37273266842 42.1860959426 0.30145248512 0.318370007315
0.448 1.38412659124 14.5069669357 4.37428011483 42.1456407378 0.301529612235 0.318404385794
0.4485 1.38091719496 14.5083839417 4.37582224892 42.1052534909 0.301606455033 0.318438643184
0.449 1.37771901935 14.5097963046 4.37735909508 42.064934075 0.301683014923 0.318472780078
0.4495 1.37453201228 14.5112040449 4.37889067753 42.0246823635 0.301759293301 0.318506797063
0.45 1.37135612191 14.512607183 4.38041702036 41.9844982296 0.301835291559 0.318540694724
0.4505 1.36819129669 14.5140057393 4.38193814752 41.9443815467 0.301911011077 0.318574473642
0.451 1.36503748537 14.5153997339 4.38345408283 41.9043321878 0.301986453229 0.318608134395
0.4515 1.361894637 14.5167891869 4.38496484998 41.8643500264 0.302061619378 0.318641677554
0.452 1.35876270089 14.5181741184 4.38647047251 41.8244349357 0.302136510882 0.31867510369
0.4525 1.35564162667 14.5195545481 4.38797097382 41.7845867889 0.302211129086 0.318708413368
0.453 1.35253136425 14.5209304959 4.38946637721 41.7448054594 0.302285475332 0.318741607151
0.4535 1.34943186381 14.5223019813 4.39095670582 41.7050908205 0.30235955095 0.318774685597
0.454 1.34634307582 14.5236690238 4.39244198265 41.6654427455 0.302433357264 0.318807649261
0.4545 1.34326495104 14.5250316429 4.39392223061 41.6258611078 0.302506895589 0.318840498694
0.455 1.34019744048 14.5263898578 4.39539747244 41.5863457808 0.302580167231 0.318873234445
0.4555 1.33714049547 14.5277436878 4.39686773077 41.5468966379 0.302653173491 0.318905857058
0.456 1.33409406758 14.5290931519 4.3983330281 41.5075135526 0.302725915659 0.318938367073
0.4565 1.33105810867 14.5304382691 4.39979338681 41.4681963985 0.302798395019 0.318970765029
0.457 1.32803257086 14.5317790583 4.40124882914 41.428945049 0.302870612847 0.319003051459
0.4575 1.32501740655 14.5331155382 4.40269937721 41.3897593779 0.302942570411 0.319035226894
0.458 1.3220125684 14.5344477275 4.40414505302 41.3506392587 0.30301426897 0.319067291861
0.4585 1.31901800935 14.5357756447 4.40558587844 41.3115845651 0.303085709778 0.319099246884
0.459 1.31603368258 14.5370993083 4.40702187522 41.272595171 0.30315689408 0.319131092485
0.4595 1.31305954157 14.5384187366 4.408453065 41.2336709501 0.303227823113 0.31916282918
0.46 1.31009554001 14.5397339479 4.40987946928 41.1948117764 0.303298498108 0.319194457483
0.4605 1.3071416319 14.5410449602 4.41130110945 41.1560175238 0.303368920288 0.319225977907
0.461 1.30419777146 14.5423517918 4.41271800677 41.1172880663 0.303439090867 0.319257390957
0.4615 1.30126391319 14.5436544604 4.4141301824 41.078623278 0.303509011055 0.31928869714
0.462 1.29834001184 14.544952984 4.41553765737 41.0400230332 0.303578682052 0.319319896956
0.4625 1.2954260224 14.5462473802 4.4169404526 41.001487206 0.303648105051 0.319350990905
0.463 1.29252190012 14.5475376667 4.41833858887 40.9630156709 0.30371728124 0.31938197948
0.4635 1.28962760051 14.5488238612 4.41973208689 40.9246083022 0.303786211797 0.319412863175
0.464 1.2867430793 14.5501059809 4.4211209672 40.8862649743 0.303854897896 0.319443642479
0.4645 1.28386829249 14.5513840433 4.42250525027 40.8479855621 0.303923340702 0.319474317877
0.465 1.28100319632 14.5526580656 4.42388495644 40.80976994 0.303991541373 0.319504889853
0.4655 1.27814774726 14.5539280651 4.42526010594 40.7716179829 0.304059501061 0.319535358888
0.466 1.27530190205 14.5551940587 4.42663071888 40.7335295656 0.30412722091 0.319565725457
0.4665 1.27246561763 14.5564560635 4.42799681528 40.6955045632 0.30419470206 0.319595990037
0.467 1.26963885122 14.5577140963 4.42935841502 40.6575428507 0.304261945641 0.319626153098
0.4675 1.26682156024 14.5589681739 4.43071553789 40.6196443033 0.304328952778 0.319656215108
0.468 1.26401370237 14.5602183131 4.43206820357 40.5818087962 0.304395724588 0.319686176534
0.4685 1.26121523552 14.5614645304 4.43341643162 40.5440362049 0.304462262183 0.319716037839
0.469 1.25842611782 14.5627068424 4.43476024152 40.5063264049 0.304528566668 0.319745799481
0.4695 1.25564630764 14.5639452655 4.43609965261 40.4686792718 0.304594639141 0.31977546192
0.47 1.25287576358 14.565179816 4.43743468415 40.4310946812 0.304660480694 0.319805025609
0.4705 1.25011444447 14.5664105103 4.43876535527 40.3935725092 0.304726092412 0.319834491
0.471 1.24736230935 14.5676373644 4.44009168502 40.3561126315 0.304791475374 0.319863858542
0.4715 1.24461931751 14.5688603945 4.44141369234 40.3187149244 0.304856630654 0.319893128681
0.472 1.24188542844 14.5700796166 4.44273139604 40.281379264 0.304921559316 0.319922301862
0.4725 1.23916060187 14.5712950465 4.44404481487 40.2441055267 0.304986262422 0.319951378525
0.473 1.23644479774 14.5725067001 4.44535396745 40.2068935889 0.305050741025 0.319980359108
0.4735 1.23373797621 14.5737145931 4.44665887231 40.1697433272 0.305114996173 0.320009244048
0.474 1.23104009766 14.5749187413 4.44795954787 40.1326546184 0.305179028908 0.320038033778
0.4745 1.22835112269 14.57611916 4.44925601245 40.0956273393 0.305242840265 0.320066728728
0.475 1.22567101211 14.577315865 4.45054828429 40.0586613669 0.305306431274 0.320095329326
0.4755 1.22299972694 14.5785088715 4.45183638152 40.0217565784 0.305369802959 0.320123835998
0.476 1.22033722842 14.5796981949 4.45312032215 39.9849128509 0.305432956336 0.320152249167
0.4765 1.217683478 14.5808838504 4.45440012413 39.948130062 0.305495892419 0.320180569253
0.477 1.21503843734 14.5820658532 4.45567580529 39.9114080891 0.305558612212 0.320208796675
0.4775 1.2124020683 14.5832442184 4.45694738337 39.87474681 0.305621116716 0.320236931847
0.478 1.20977433295 14.584418961 4.45821487601 39.8381461025 0.305683406925 0.320264975184
0.4785 1.20715519357 14.5855900959 4.45947830077 39.8016058446 0.305745483827 0.320292927095
0.479 1.20454461266 14.5867576379 4.46073767509 39.7651259144 0.305807348406 0.320320787989
0.4795 1.20194255288 14.5879216019 4.46199301634 39.7287061903 0.305869001638 0.320348558272
0.48 1.19934897713 14.5890820025 4.46324434179 39.6923465506 0.305930444494 0.320376238348
0.4805 1.19676384849 14.5902388543 4.46449166861 39.6560468739 0.305991677942 0.320403828617
0.481 1.19418713026 14.5913921719 4.46573501388 39.6198070391 0.306052702941 0.320431329479
0.4815 1.19161878591 14.5925419697 4.46697439461 39.5836269249 0.306113520446 0.32045874133
0.482 1.18905877914 14.5936882622 4.46820982768 39.5475064105 0.306174131406 0.320486064564
0.4825 1.1865070738 14.5948310636 4.46944132992 39.5114453751 0.306234536765 0.320513299574
0.483 1.18396363399 14.5959703881 4.47066891804 39.475443698 0.306294737463 0.320540446748
0.4835 1.18142842395 14.59710625 4.47189260868 39.4395012589 0.306354734431 0.320567506475
0.484 1.17890140815 14.5982386633 4.47311241838 39.4036179373 0.306414528599 0.320594479139
0.4845 1.17638255122 14.599367642 4.47432836359 39.3677936132 0.306474120887 0.320621365124
0.485 1.17387181802 14.6004932001 4.4755404607 39.3320281666 0.306533512215 0.320648164811
0.4855 1.17136917355 14.6016153515 4.47674872598 39.2963214778 0.306592703493 0.320674878577
0.486 1.16887458303 14.6027341099 4.47795317562 39.260673427 0.306651695629 0.3207015068
0.4865 1.16638801186 14.6038494891 4.47915382575 39.2250838949 0.306710489525 0.320728049854
0.487 1.16390942561 14.6049615027 4.48035069238 39.189552762 0.306769086076 0.32075450811
0.4875 1.16143879006 14.6060701644 4.48154379145 39.1540799095 0.306827486176 0.32078088194
0.488 1.15897607114 14.6071754876 4.48273313883 39.1186652181 0.306885690709 0.32080717171
0.4885 1.15652123499 14.6082774858 4.48391875028 39.0833085693 0.306943700558 0.320833377788
0.489 1.1540742479 14.6093761724 4.4851006415 39.0480098444 0.307001516599 0.320859500535
0.4895 1.15163507638 14.6104715607 4.4862788281 39.012768925 0.307059139705 0.320885540315
0.49 1.14920368708 14.6115636639 4.4874533256 38.9775856928 0.30711657074 0.320911497487
0.4905 1.14678004684 14.6126524952 4.48862414945 38.9424600299 0.307173810568 0.320937372409
0.491 1.14436412268 14.6137380677 4.48979131501 38.9073918182 0.307230860045 0.320963165436
0.4915 1.14195588179 14.6148203945 4.49095483757 38.8723809401 0.307287720023 0.320988876922
0.492 1.13955529154 14.6158994885 4.49211473232 38.8374272781 0.30734439135 0.321014507218
0.4925 1.13716231945 14.6169753627 4.4932710144 38.8025307148 0.307400874868 0.321040056674
0.493 1.13477693325 14.6180480298 4.49442369885 38.7676911332 0.307457171415 0.321065525638
0.4935 1.1323991008 14.6191175027 4.49557280063 38.7329084161 0.307513281825 0.321090914456
0.494 1.13002879015 14.6201837941 4.49671833465 38.6981824468 0.307569206925 0.321116223472
0.4945 1.12766596952 14.6212469166 4.49786031569 38.6635131088 0.30762494754 0.321141453027
0.495 1.1253106073 14.6223068828 4.49899875851 38.6289002856 0.30768050449 0.321166603461
0.4955 1.12296267202 14.6233637053 4.50013367777 38.5943438609 0.307735878588 0.321191675113
0.496 1.1206221324 14.6244173965 4.50126508803 38.5598437188 0.307791070645 0.321216668319
0.4965 1.11828895732 14.6254679688 4.50239300382 38.5253997434 0.307846081468 0.321241583413
0.497 1.11596311581 14.6265154345 4.50351743955 38.491011819 0.307900911856 0.321266420728
0.4975 1.11364457709 14.6275598059 4.5046384096 38.4566798301 0.307955562608 0.321291180594
0.498 1.1113333105 14.6286010952 4.50575592824 38.4224036616 0.308010034515 0.321315863341
0.4985 1.10902928558 14.6296393146 4.50687000968 38.3881831982 0.308064328365 0.321340469296
0.499 1.106732472 14.6306744762 4.50798066806 38.3540183251 0.308118444942 0.321364998783
0.4995 1.10444283961 14.6317065919 4.50908791744 38.3199089277 0.308172385026 0.321389452126
0.5 1.1021603584 14.6327356738 4.51019177181 38.2858548913 0.308226149392 0.321413829648
0.5005 1.09988499852 14.6337617338 4.5112922451 38.2518561017 0.308279738809 0.321438131668
0.501 1.09761673028 14.6347847837 4.51238935114 38.2179124448 0.308333154046 0.321462358503
0.5015 1.09535552414 14.6358048353 4.51348310372 38.1840238067 0.308386395864 0.321486510472
0.502 1.09310135072 14.6368219004 4.51457351655 38.1501900735 0.308439465021 0.321510587888
0.5025 1.09085418078 14.6378359905 4.51566060326 38.1164111319 0.308492362271 0.321534591064
0.503 1.08861398523 14.6388471175 4.51674437741 38.0826868685 0.308545088364 0.321558520312
0.5035 1.08638073516 14.6398552927 4.5178248525 38.0490171701 0.308597644047 0.321582375942
0.504 1.08415440177 14.6408605277 4.51890204197 38.0154019239 0.30865003006 0.321606158261
0.5045 1.08193495644 14.6418628339 4.51997595917 37.9818410171 0.308702247141 0.321629867576
0.505 1.07972237067 14.6428622228 4.52104661739 37.9483343371 0.308754296024 0.321653504191
0.5055 1.07751661612 14.6438587057 4.52211402986 37.9148817717 0.308806177439 0.32167706841
0.506 1.07531766461 14.6448522938 4.52317820974 37.8814832087 0.30885789211 0.321700560533
0.5065 1.07312548808 14.6458429984 4.52423917012 37.8481385361 0.308909440761 0.321723980861
0.507 1.07094005864 14.6468308307 4.52529692401 37.8148476424 0.308960824108 0.321747329692
0.5075 1.06876134851 14.6478158017 4.52635148439 37.7816104159 0.309012042865 0.321770607322
0.508 1.06658933007 14.6487979225 4.52740286413 37.7484267453 0.309063097743 0.321793814046
0.5085 1.06442397586 14.6497772041 4.52845107608 37.7152965195 0.309113989448 0.321816950158
0.509 1.06226525854 14.6507536575 4.52949613299 37.6822196277 0.309164718681 0.32184001595
0.5095 1.06011315089 14.6517272936 4.53053804756 37.649195959 0.309215286142 0.321863011711
0.51 1.05796762588 14.6526981231 4.53157683242 37.6162254031 0.309265692526 0.321885937731
0.5105 1.05582865657 14.653666157 4.53261250015 37.5833078495 0.309315938522 0.321908794296
0.511 1.05369621619 14.654631406 4.53364506326 37.5504431883 0.30936602482 0.321931581692
0.5115 1.05157027808 14.6555938806 4.53467453418 37.5176313095 0.309415952101 0.321954300204
0.512 1.04945081574 14.6565535917 4.5357009253 37.4848721034 0.309465721047 0.321976950114
0.5125 1.04733780278 14.6575105496 4.53672424895 37.4521654606 0.309515332333 0.321999531703
0.513 1.04523121297 14.6584647651 4.53774451737 37.4195112719 0.309564786633 0.322022045251
0.5135 1.0431310202 14.6594162485 4.53876174278 37.3869094281 0.309614084615 0.322044491036
0.514 1.04103719848 14.6603650104 4.53977593729 37.3543598203 0.309663226945 0.322066869335
0.5145 1.03894972198 14.661311061 4.540787113 37.3218623401 0.309712214284 0.322089180423
0.515 1.03686856497 14.6622544107 4.54179528191 37.2894168789 0.309761047291 0.322111424574
0.5155 1.03479370188 14.6631950698 4.54280045598 37.2570233284 0.309809726622 0.32213360206
0.516 1.03272510724 14.6641330486 4.54380264711 37.2246815808 0.309858252926 0.322155713152
0.5165 1.03066275573 14.6650683571 4.54480186713 37.1923915281 0.309906626853 0.32217775812
0.517 1.02860662215 14.6660010056 4.54579812783 37.1601530628 0.309954849047 0.322199737231
0.5175 1.02655668142 14.6669310042 4.54679144091 37.1279660774 0.310002920149 0.322221650753
0.518 1.0245129086 14.6678583628 4.54778181805 37.0958304649 0.310050840796 0.322243498952
0.5185 1.02247527887 14.6687830914 4.54876927085 37.0637461181 0.310098611623 0.32226528209
0.519 1.02044376752 14.6697052001 4.54975381085 37.0317129305 0.310146233261 0.32228700043
0.5195 1.01841834999 14.6706246986 4.55073544954 36.9997307953 0.310193706337 0.322308654234
0.52 1.01639900183 14.6715415969 4.55171419836 36.9677996063 0.310241031475 0.322330243762
0.5205 1.0143856987 14.6724559047 4.55269006868 36.9359192573 0.310288209298 0.322351769272
0.521 1.01237841641 14.6733676319 4.55366307182 36.9040896424 0.310335240421 0.322373231021
0.5215 1.01037713086 14.674276788 4.55463321905 36.8723106559 0.31038212546 0.322394629266
0.522 1.0083818181 14.6751833828 4.55560052158 36.8405821923 0.310428865026 0.32241596426
0.5225 1.00639245427 14.6760874259 4.55656499055 36.8089041463 0.310475459727 0.322437236257
0.523 1.00440901565 14.6769889269 4.55752663707 36.7772764129 0.310521910167 0.322458445509
0.5235 1.00243147863 14.6778878952 4.55848547219 36.7456988871 0.310568216949 0.322479592266
0.524 1.00045981971 14.6787843404 4.55944150689 36.7141714642 0.310614380671 0.322500676778
0.5245 0.998494015539 14.6796782719 4.56039475211 36.68269404 0.310660401928 0.322521699294
0.525 0.99653404284 14.680569699 4.56134521873 36.65126651 0.310706281312 0.322542660059
0.5255 0.994579878474 14.6814586312 4.56229291759 36.6198887704 0.310752019413 0.322563559319
0.526 0.992631499412 14.6823450778 4.56323785946 36.5885607172 0.310797616817 0.322584397319
0.5265 0.990688882741 14.6832290479 4.56418005507 36.5572822469 0.310843074106 0.322605174301
0.527 0.988752005659 14.6841105509 4.56511951508 36.5260532562 0.310888391861 0.322625890508
0.5275 0.986820845478 14.6849895959 4.56605625013 36.4948736417 0.310933570659 0.32264654618
0.528 0.984895379619 14.6858661919 4.56699027077 36.4637433006 0.310978611073 0.322667141557
0.5285 0.98297558562 14.6867403482 4.56792158753 36.4326621301 0.311023513675 0.322687676876
0.529 0.981061441123 14.6876120738 4.56885021088 36.4016300277 0.311068279032 0.322708152374
0.5295 0.979152923886 14.6884813775 4.56977615122 36.370646891 0.311112907711 0.322728568288
0.53 0.977250011772 14.6893482685 4.57069941893 36.3397126179 0.311157400272 0.322748924852
0.5305 0.975352682756 14.6902127557 4.57162002431 36.3088271065 0.311201757275 0.322769222299
0.531 0.973460914917 14.6910748478 4.57253797764 36.2779902552 0.311245979277 0.322789460861
0.5315 0.971574686447 14.6919345538 4.57345328913 36.2472019623 0.31129006683 0.32280964077
0.532 0.969693975639 14.6927918825 4.57436596895 36.2164621268 0.311334020487 0.322829762254
0.5325 0.967818760897 14.6936468425 4.57527602722 36.1857706474 0.311377840794 0.322849825544
0.533 0.965949020728 14.6944994427 4.576183474 36.1551274235 0.311421528296 0.322869830867
0.5335 0.964084733744 14.6953496917 4.57708831931 36.1245323542 0.311465083536 0.322889778448
0.534 0.962225878662 14.696197598 4.57799057313 36.0939853393 0.311508507053 0.322909668514
0.5345 0.960372434304 14.6970431704 4.57889024538 36.0634862784 0.311551799384 0.322929501289
0.535 0.958524379592 14.6978864174 4.57978734594 36.0330350717 0.311594961063 0.322949276995
0.5355 0.956681693553 14.6987273475 4.58068188464 36.0026316192 0.31163799262 0.322968995854
0.536 0.954844355316 14.6995659691 4.58157387126 35.9722758215 0.311680894585 0.322988658088
0.5365 0.953012344111 14.7004022907 4.58246331553 35.9419675792 0.311723667483 0.323008263915
0.537 0.951185639267 14.7012363207 4.58335022715 35.911706793 0.311766311837 0.323027813556
0.5375 0.949364220216 14.7020680675 4.58423461576 35.8814933642 0.311808828167 0.323047307227
0.538 0.947548066488 14.7028975393 4.58511649095 35.8513271939 0.311851216992 0.323066745144
0.5385 0.945737157712 14.7037247446 4.58599586228 35.8212081835 0.311893478826 0.323086127524
0.539 0.943931473616 14.7045496914 4.58687273925 35.7911362349 0.311935614182 0.32310545458
0.5395 0.942130994026 14.705372388 4.58774713133 35.7611112499 0.31197762357 0.323124726526
0.54 0.940335698865 14.7061928426 4.58861904792 35.7311331307 0.312019507498 0.323143943575
0.5405 0.938545568153 14.7070110634 4.58948849841 35.7012017794 0.312061266469 0.323163105936
0.541 0.936760582007 14.7078270583 4.59035549211 35.6713170988 0.312102900986 0.323182213822
0.5415 0.934980720637 14.7086408356 4.59122003831 35.6414789915 0.312144411549 0.323201267439
0.542 0.93320596435 14.7094524031 4.59208214625 35.6116873604 0.312185798656 0.323220266998
0.5425 0.931436293549 14.7102617689 4.59294182512 35.5819421088 0.3122270628 0.323239212704
0.543 0.929671688729 14.711068941 4.59379908407 35.55224314 0.312268204473 0.323258104764
0.5435 0.927912130479 14.7118739271 4.59465393222 35.5225903576 0.312309224166 0.323276943383
0.544 0.926157599481 14.7126767354 4.59550637862 35.4929836654 0.312350122366 0.323295728766
0.5445 0.924408076509 14.7134773734 4.59635643231 35.4634229674 0.312390899558 0.323314461114
0.545 0.92266354243 14.7142758492 4.59720410225 35.4339081678 0.312431556223 0.323333140631
0.5455 0.920923978202 14.7150721704 4.5980493974 35.404439171 0.312472092842 0.323351767517
0.546 0.919189364872 14.7158663448 4.59889232663 35.3750158817 0.312512509892 0.323370341972
0.5465 0.917459683581 14.71665838 4.59973289882 35.3456382047 0.312552807848 0.323388864196
0.547 0.915734915557 14.7174482838 4.60057112276 35.316306045 0.312592987183 0.323407334387
0.5475 0.914015042117 14.7182360638 4.60140700724 35.2870193079 0.312633048368 0.323425752741
0.548 0.91230004467 14.7190217276 4.60224056099 35.2577778989 0.312672991871 0.323444119456
0.5485 0.91058990471 14.7198052828 4.60307179268 35.2285817237 0.312712818156 0.323462434727
0.549 0.90888460382 14.7205867368 4.60390071098 35.199430688 0.312752527689 0.323480698748
0.5495 0.90718412367 14.7213660971 4.60472732449 35.1703246981 0.312792120929 0.323498911712
0.55 0.905488446018 14.7221433713 4.60555164177 35.1412636602 0.312831598335 0.323517073812
0.5505 0.903797552708 14.7229185668 4.60637367137 35.1122474808 0.312870960365 0.32353518524
0.551 0.902111425668 14.723691691 4.60719342176 35.0832760666 0.312910207471 0.323553246186
0.5515 0.900430046914 14.7244627511 4.6080109014 35.0543493246 0.312949340108 0.32357125684
0.552 0.898753398544 14.7252317546 4.6088261187 35.0254671619 0.312988358723 0.323589217391
0.5525 0.897081462743 14.7259987088 4.60963908203 34.9966294857 0.313027263765 0.323607128027
0.553 0.895414221779 14.7267636209 4.61044979971 34.9678362037 0.313066055679 0.323624988935
0.5535 0.893751658003 14.7275264982 4.61125828005 34.9390872235 0.313104734908 0.323642800301
0.554 0.892093753849 14.7282873478 4.61206453131 34.9103824532 0.313143301893 0.32366056231
0.5545 0.890440491835 14.7290461769 4.61286856169 34.8817218009 0.313181757073 0.323678275147
0.555 0.888791854559 14.7298029927 4.61367037938 34.8531051749 0.313220100884 0.323695938995
0.5555 0.887147824701 14.7305578022 4.61446999251 34.8245324838 0.313258333762 0.323713554037
0.556 0.885508385023 14.7313106126 4.61526740921 34.7960036364 0.313296456138 0.323731120455
0.5565 0.883873518368 14.7320614309 4.61606263752 34.7675185417 0.313334468442 0.323748638429
0.557 0.882243207658 14.7328102641 4.61685568548 34.7390771088 0.313372371104 0.32376610814
0.5575 0.880617435895 14.7335571192 4.61764656109 34.7106792471 0.313410164548 0.323783529766
0.558 0.87899618616 14.734302003 4.6184352723 34.6823248662 0.313447849198 0.323800903487
0.5585 0.877379441615 14.7350449227 4.61922182702 34.6540138759 0.313485425478 0.32381822948
0.559 0.875767185499 14.735785885 4.62000623315 34.6257461862 0.313522893806 0.323835507921
0.5595 0.874159401127 14.7365248967 4.62078849853 34.5975217073 0.3135602546 0.323852738986
0.56 0.872556071896 14.7372619648 4.62156863097 34.5693403496 0.313597508276 0.32386992285
0.5605 0.870957181276 14.737997096 4.62234663825 34.5412020237 0.313634655247 0.323887059688
0.561 0.869362712816 14.7387302971 4.62312252811 34.5131066404 0.313671695927 0.323904149673
0.5615 0.86777265014 14.7394615749 4.62389630825 34.4850541107 0.313708630723 0.323921192977
0.562 0.86618697695 14.740190936 4.62466798635 34.4570443458 0.313745460044 0.323938189772
0.5625 0.864605677021 14.7409183871 4.62543757003 34.4290772571 0.313782184296 0.323955140229
0.563 0.863028734205 14.7416439349 4.6262050669 34.4011527563 0.313818803882 0.323972044519
0.5635 0.861456132427 14.742367586 4.62697048452 34.3732707551 0.313855319204 0.32398890281
0.564 0.859887855686 14.743089347 4.62773383043 34.3454311656 0.313891730662 0.324005715271
0.5645 0.858323888058 14.7438092244 4.62849511212 34.3176339 0.313928038655 0.32402248207
0.565 0.856764213688 14.7445272248 4.62925433705 34.2898788706 0.313964243577 0.324039203375
0.5655 0.855208816797 14.7452433548 4.63001151266 34.2621659902 0.314000345824 0.32405587935
0.566 0.853657681677 14.7459576207 4.63076664634 34.2344951715 0.314036345787 0.324072510162
0.5665 0.852110792694 14.7466700291 4.63151974545 34.2068663275 0.314072243858 0.324089095976
0.567 0.850568134284 14.7473805863 4.63227081733 34.1792793714 0.314108040423 0.324105636954
0.5675 0.849029690955 14.7480892987 4.63301986926 34.1517342167 0.314143735871 0.324122133262
0.568 0.847495447286 14.7487961728 4.63376690851 34.124230777 0.314179330585 0.32413858506
0.5685 0.845965387927 14.7495012149 4.63451194232 34.096768966 0.314214824949 0.32415499251
0.569 0.844439497598 14.7502044312 4.63525497787 34.0693486978 0.314250219344 0.324171355774
0.5695 0.842917761087 14.7509058281 4.63599602234 34.0419698866 0.314285514148 0.324187675012
0.57 0.841400163256 14.7516054118 4.63673508285 34.0146324468 0.31432070974 0.32420399425
