   1.0009999999999999     
  2.00000000000000004E-002         501
   0.2858542862   0.0000000000   0.0000000000
   0.2857347094   0.0000000000   0.0000000000
   0.2856149799   0.0000000000   0.0000000000
   0.2854950971   0.0000000000   0.0000000000
   0.2853750607   0.0000000000   0.0000000000
   0.2852548700   0.0000000000   0.0000000000
   0.2851345246   0.0000000000   0.0000000000
   0.2850140243   0.0000000000   0.0000000000
   0.2848933683   0.0000000000   0.0000000000
   0.2847725562   0.0000000000   0.0000000000
   0.2846515877   0.0000000000   0.0000000000
   0.2845304622   0.0000000000   0.0000000000
   0.2844091793   0.0000000000   0.0000000000
   0.2842877384   0.0000000000   0.0000000000
   0.2841661391   0.0000000000   0.0000000000
   0.2840443810   0.0000000000   0.0000000000
   0.2839224635   0.0000000000   0.0000000000
   0.2838003862   0.0000000000   0.0000000000
   0.2836781485   0.0000000000   0.0000000000
   0.2835557500   0.0000000000   0.0000000000
   0.2834331901   0.0000000000   0.0000000000
   0.2833104685   0.0000000000   0.0000000000
   0.2831875846   0.0000000000   0.0000000000
   0.2830645379   0.0000000000   0.0000000000
   0.2829413278   0.0000000000   0.0000000000
   0.2828179540   0.0000000000   0.0000000000
   0.2826944159   0.0000000000   0.0000000000
   0.2825707129   0.0000000000   0.0000000000
   0.2824468446   0.0000000000   0.0000000000
   0.2823228104   0.0000000000   0.0000000000
   0.2821986099   0.0000000000   0.0000000000
   0.2820742425   0.0000000000   0.0000000000
   0.2819497077   0.0000000000   0.0000000000
   0.2818250050   0.0000000000   0.0000000000
   0.2817001338   0.0000000000   0.0000000000
   0.2815750937   0.0000000000   0.0000000000
   0.2814498841   0.0000000000   0.0000000000
   0.2813245044   0.0000000000   0.0000000000
   0.2811989542   0.0000000000   0.0000000000
   0.2810732328   0.0000000000   0.0000000000
   0.2809473398   0.0000000000   0.0000000000
   0.2808212745   0.0000000000   0.0000000000
   0.2806950365   0.0000000000   0.0000000000
   0.2805686252   0.0000000000   0.0000000000
   0.2804420401   0.0000000000   0.0000000000
   0.2803152806   0.0000000000   0.0000000000
   0.2801883461   0.0000000000   0.0000000000
   0.2800612360   0.0000000000   0.0000000000
   0.2799339499   0.0000000000   0.0000000000
   0.2798064871   0.0000000000   0.0000000000
   0.2796788472   0.0000000000   0.0000000000
   0.2795510294   0.0000000000   0.0000000000
   0.2794230331   0.0000000000   0.0000000000
   0.2792948581   0.0000000000   0.0000000000
   0.2791665034   0.0000000000   0.0000000000
   0.2790379687   0.0000000000   0.0000000000
   0.2789092532   0.0000000000   0.0000000000
   0.2787803565   0.0000000000   0.0000000000
   0.2786512779   0.0000000000   0.0000000000
   0.2785220167   0.0000000000   0.0000000000
   0.2783925726   0.0000000000   0.0000000000
   0.2782629447   0.0000000000   0.0000000000
   0.2781331325   0.0000000000   0.0000000000
   0.2780031355   0.0000000000   0.0000000000
   0.2778729529   0.0000000000   0.0000000000
   0.2777425843   0.0000000000   0.0000000000
   0.2776120289   0.0000000000   0.0000000000
   0.2774812862   0.0000000000   0.0000000000
   0.2773503554   0.0000000000   0.0000000000
   0.2772192360   0.0000000000   0.0000000000
   0.2770879275   0.0000000000   0.0000000000
   0.2769564290   0.0000000000   0.0000000000
   0.2768247400   0.0000000000   0.0000000000
   0.2766928600   0.0000000000   0.0000000000
   0.2765607880   0.0000000000   0.0000000000
   0.2764285237   0.0000000000   0.0000000000
   0.2762960663   0.0000000000   0.0000000000
   0.2761634151   0.0000000000   0.0000000000
   0.2760305695   0.0000000000   0.0000000000
   0.2758975288   0.0000000000   0.0000000000
   0.2757642925   0.0000000000   0.0000000000
   0.2756308597   0.0000000000   0.0000000000
   0.2754972298   0.0000000000   0.0000000000
   0.2753634023   0.0000000000   0.0000000000
   0.2752293763   0.0000000000   0.0000000000
   0.2750951511   0.0000000000   0.0000000000
   0.2749607263   0.0000000000   0.0000000000
   0.2748261008   0.0000000000   0.0000000000
   0.2746912743   0.0000000000   0.0000000000
   0.2745562459   0.0000000000   0.0000000000
   0.2744210149   0.0000000000   0.0000000000
   0.2742855806   0.0000000000   0.0000000000
   0.2741499423   0.0000000000   0.0000000000
   0.2740140993   0.0000000000   0.0000000000
   0.2738780510   0.0000000000   0.0000000000
   0.2737417964   0.0000000000   0.0000000000
   0.2736053350   0.0000000000   0.0000000000
   0.2734686660   0.0000000000   0.0000000000
   0.2733317887   0.0000000000   0.0000000000
   0.2731947023   0.0000000000   0.0000000000
   0.2730574062   0.0000000000   0.0000000000
   0.2729198994   0.0000000000   0.0000000000
   0.2727821815   0.0000000000   0.0000000000
   0.2726442514   0.0000000000   0.0000000000
   0.2725061086   0.0000000000   0.0000000000
   0.2723677522   0.0000000000   0.0000000000
   0.2722291814   0.0000000000   0.0000000000
   0.2720903955   0.0000000000   0.0000000000
   0.2719513939   0.0000000000   0.0000000000
   0.2718121754   0.0000000000   0.0000000000
   0.2716727396   0.0000000000   0.0000000000
   0.2715330856   0.0000000000   0.0000000000
   0.2713932126   0.0000000000   0.0000000000
   0.2712531197   0.0000000000   0.0000000000
   0.2711128062   0.0000000000   0.0000000000
   0.2709722713   0.0000000000   0.0000000000
   0.2708315141   0.0000000000   0.0000000000
   0.2706905340   0.0000000000   0.0000000000
   0.2705493300   0.0000000000   0.0000000000
   0.2704079013   0.0000000000   0.0000000000
   0.2702662470   0.0000000000   0.0000000000
   0.2701243664   0.0000000000   0.0000000000
   0.2699822587   0.0000000000   0.0000000000
   0.2698399228   0.0000000000   0.0000000000
   0.2696973582   0.0000000000   0.0000000000
   0.2695545638   0.0000000000   0.0000000000
   0.2694115387   0.0000000000   0.0000000000
   0.2692682822   0.0000000000   0.0000000000
   0.2691247934   0.0000000000   0.0000000000
   0.2689810714   0.0000000000   0.0000000000
   0.2688371154   0.0000000000   0.0000000000
   0.2686929244   0.0000000000   0.0000000000
   0.2685484976   0.0000000000   0.0000000000
   0.2684038339   0.0000000000   0.0000000000
   0.2682589326   0.0000000000   0.0000000000
   0.2681137929   0.0000000000   0.0000000000
   0.2679684136   0.0000000000   0.0000000000
   0.2678227939   0.0000000000   0.0000000000
   0.2676769330   0.0000000000   0.0000000000
   0.2675308300   0.0000000000   0.0000000000
   0.2673844837   0.0000000000   0.0000000000
   0.2672378933   0.0000000000   0.0000000000
   0.2670910580   0.0000000000   0.0000000000
   0.2669439765   0.0000000000   0.0000000000
   0.2667966483   0.0000000000   0.0000000000
   0.2666490721   0.0000000000   0.0000000000
   0.2665012470   0.0000000000   0.0000000000
   0.2663531721   0.0000000000   0.0000000000
   0.2662048464   0.0000000000   0.0000000000
   0.2660562688   0.0000000000   0.0000000000
   0.2659074385   0.0000000000   0.0000000000
   0.2657583545   0.0000000000   0.0000000000
   0.2656090157   0.0000000000   0.0000000000
   0.2654594210   0.0000000000   0.0000000000
   0.2653095695   0.0000000000   0.0000000000
   0.2651594602   0.0000000000   0.0000000000
   0.2650090921   0.0000000000   0.0000000000
   0.2648584640   0.0000000000   0.0000000000
   0.2647075751   0.0000000000   0.0000000000
   0.2645564241   0.0000000000   0.0000000000
   0.2644050101   0.0000000000   0.0000000000
   0.2642533321   0.0000000000   0.0000000000
   0.2641013888   0.0000000000   0.0000000000
   0.2639491794   0.0000000000   0.0000000000
   0.2637967025   0.0000000000   0.0000000000
   0.2636439574   0.0000000000   0.0000000000
   0.2634909428   0.0000000000   0.0000000000
   0.2633376575   0.0000000000   0.0000000000
   0.2631841005   0.0000000000   0.0000000000
   0.2630302707   0.0000000000   0.0000000000
   0.2628761670   0.0000000000   0.0000000000
   0.2627217882   0.0000000000   0.0000000000
   0.2625671332   0.0000000000   0.0000000000
   0.2624122009   0.0000000000   0.0000000000
   0.2622569900   0.0000000000   0.0000000000
   0.2621014995   0.0000000000   0.0000000000
   0.2619457281   0.0000000000   0.0000000000
   0.2617896748   0.0000000000   0.0000000000
   0.2616333383   0.0000000000   0.0000000000
   0.2614767174   0.0000000000   0.0000000000
   0.2613198109   0.0000000000   0.0000000000
   0.2611626177   0.0000000000   0.0000000000
   0.2610051364   0.0000000000   0.0000000000
   0.2608473660   0.0000000000   0.0000000000
   0.2606893051   0.0000000000   0.0000000000
   0.2605309525   0.0000000000   0.0000000000
   0.2603723070   0.0000000000   0.0000000000
   0.2602133673   0.0000000000   0.0000000000
   0.2600541323   0.0000000000   0.0000000000
   0.2598946004   0.0000000000   0.0000000000
   0.2597347707   0.0000000000   0.0000000000
   0.2595746416   0.0000000000   0.0000000000
   0.2594142120   0.0000000000   0.0000000000
   0.2592534804   0.0000000000   0.0000000000
   0.2590924457   0.0000000000   0.0000000000
   0.2589311065   0.0000000000   0.0000000000
   0.2587694614   0.0000000000   0.0000000000
   0.2586075091   0.0000000000   0.0000000000
   0.2584452483   0.0000000000   0.0000000000
   0.2582826775   0.0000000000   0.0000000000
   0.2581197955   0.0000000000   0.0000000000
   0.2579566009   0.0000000000   0.0000000000
   0.2577930922   0.0000000000   0.0000000000
   0.2576292681   0.0000000000   0.0000000000
   0.2574651272   0.0000000000   0.0000000000
   0.2573006680   0.0000000000   0.0000000000
   0.2571358890   0.0000000000   0.0000000000
   0.2569707891   0.0000000000   0.0000000000
   0.2568053664   0.0000000000   0.0000000000
   0.2566396198   0.0000000000   0.0000000000
   0.2564735477   0.0000000000   0.0000000000
   0.2563071485   0.0000000000   0.0000000000
   0.2561404210   0.0000000000   0.0000000000
   0.2559733634   0.0000000000   0.0000000000
   0.2558059744   0.0000000000   0.0000000000
   0.2556382524   0.0000000000   0.0000000000
   0.2554701959   0.0000000000   0.0000000000
   0.2553018032   0.0000000000   0.0000000000
   0.2551330730   0.0000000000   0.0000000000
   0.2549640036   0.0000000000   0.0000000000
   0.2547945935   0.0000000000   0.0000000000
   0.2546248409   0.0000000000   0.0000000000
   0.2544547444   0.0000000000   0.0000000000
   0.2542843023   0.0000000000   0.0000000000
   0.2541135131   0.0000000000   0.0000000000
   0.2539423750   0.0000000000   0.0000000000
   0.2537708864   0.0000000000   0.0000000000
   0.2535990458   0.0000000000   0.0000000000
   0.2534268513   0.0000000000   0.0000000000
   0.2532543013   0.0000000000   0.0000000000
   0.2530813942   0.0000000000   0.0000000000
   0.2529081282   0.0000000000   0.0000000000
   0.2527345016   0.0000000000   0.0000000000
   0.2525605126   0.0000000000   0.0000000000
   0.2523861595   0.0000000000   0.0000000000
   0.2522114406   0.0000000000   0.0000000000
   0.2520363540   0.0000000000   0.0000000000
   0.2518608981   0.0000000000   0.0000000000
   0.2516850709   0.0000000000   0.0000000000
   0.2515088706   0.0000000000   0.0000000000
   0.2513322956   0.0000000000   0.0000000000
   0.2511553438   0.0000000000   0.0000000000
   0.2509780134   0.0000000000   0.0000000000
   0.2508003027   0.0000000000   0.0000000000
   0.2506222096   0.0000000000   0.0000000000
   0.2504437323   0.0000000000   0.0000000000
   0.2502648689   0.0000000000   0.0000000000
   0.2500856173   0.0000000000   0.0000000000
   0.2499059758   0.0000000000   0.0000000000
   0.2497259424   0.0000000000   0.0000000000
   0.2495455150   0.0000000000   0.0000000000
   0.2493646916   0.0000000000   0.0000000000
   0.2491834702   0.0000000000   0.0000000000
   0.2490018491   0.0000000000   0.0000000000
   0.2488198257   0.0000000000   0.0000000000
   0.2486373984   0.0000000000   0.0000000000
   0.2484545650   0.0000000000   0.0000000000
   0.2482713233   0.0000000000   0.0000000000
   0.2480876712   0.0000000000   0.0000000000
   0.2479036068   0.0000000000   0.0000000000
   0.2477191278   0.0000000000   0.0000000000
   0.2475342321   0.0000000000   0.0000000000
   0.2473489173   0.0000000000   0.0000000000
   0.2471631815   0.0000000000   0.0000000000
   0.2469770224   0.0000000000   0.0000000000
   0.2467904378   0.0000000000   0.0000000000
   0.2466034253   0.0000000000   0.0000000000
   0.2464159828   0.0000000000   0.0000000000
   0.2462281079   0.0000000000   0.0000000000
   0.2460397984   0.0000000000   0.0000000000
   0.2458510520   0.0000000000   0.0000000000
   0.2456618662   0.0000000000   0.0000000000
   0.2454722387   0.0000000000   0.0000000000
   0.2452821673   0.0000000000   0.0000000000
   0.2450916493   0.0000000000   0.0000000000
   0.2449006825   0.0000000000   0.0000000000
   0.2447092644   0.0000000000   0.0000000000
   0.2445173924   0.0000000000   0.0000000000
   0.2443250643   0.0000000000   0.0000000000
   0.2441322774   0.0000000000   0.0000000000
   0.2439390292   0.0000000000   0.0000000000
   0.2437453172   0.0000000000   0.0000000000
   0.2435511387   0.0000000000   0.0000000000
   0.2433564913   0.0000000000   0.0000000000
   0.2431613722   0.0000000000   0.0000000000
   0.2429657790   0.0000000000   0.0000000000
   0.2427697088   0.0000000000   0.0000000000
   0.2425731590   0.0000000000   0.0000000000
   0.2423761269   0.0000000000   0.0000000000
   0.2421786097   0.0000000000   0.0000000000
   0.2419806048   0.0000000000   0.0000000000
   0.2417821092   0.0000000000   0.0000000000
   0.2415831204   0.0000000000   0.0000000000
   0.2413836353   0.0000000000   0.0000000000
   0.2411836511   0.0000000000   0.0000000000
   0.2409831650   0.0000000000   0.0000000000
   0.2407821741   0.0000000000   0.0000000000
   0.2405806753   0.0000000000   0.0000000000
   0.2403786658   0.0000000000   0.0000000000
   0.2401761426   0.0000000000   0.0000000000
   0.2399731026   0.0000000000   0.0000000000
   0.2397695428   0.0000000000   0.0000000000
   0.2395654602   0.0000000000   0.0000000000
   0.2393608516   0.0000000000   0.0000000000
   0.2391557138   0.0000000000   0.0000000000
   0.2389500439   0.0000000000   0.0000000000
   0.2387438385   0.0000000000   0.0000000000
   0.2385370944   0.0000000000   0.0000000000
   0.2383298085   0.0000000000   0.0000000000
   0.2381219774   0.0000000000   0.0000000000
   0.2379135977   0.0000000000   0.0000000000
   0.2377046663   0.0000000000   0.0000000000
   0.2374951796   0.0000000000   0.0000000000
   0.2372851343   0.0000000000   0.0000000000
   0.2370745269   0.0000000000   0.0000000000
   0.2368633541   0.0000000000   0.0000000000
   0.2366516122   0.0000000000   0.0000000000
   0.2364392978   0.0000000000   0.0000000000
   0.2362264071   0.0000000000   0.0000000000
   0.2360129368   0.0000000000   0.0000000000
   0.2357988831   0.0000000000   0.0000000000
   0.2355842423   0.0000000000   0.0000000000
   0.2353690106   0.0000000000   0.0000000000
   0.2351531845   0.0000000000   0.0000000000
   0.2349367600   0.0000000000   0.0000000000
   0.2347197333   0.0000000000   0.0000000000
   0.2345021006   0.0000000000   0.0000000000
   0.2342838579   0.0000000000   0.0000000000
   0.2340650015   0.0000000000   0.0000000000
   0.2338455270   0.0000000000   0.0000000000
   0.2336254307   0.0000000000   0.0000000000
   0.2334047084   0.0000000000   0.0000000000
   0.2331833560   0.0000000000   0.0000000000
   0.2329613694   0.0000000000   0.0000000000
   0.2327387443   0.0000000000   0.0000000000
   0.2325154765   0.0000000000   0.0000000000
   0.2322915618   0.0000000000   0.0000000000
   0.2320669958   0.0000000000   0.0000000000
   0.2318417741   0.0000000000   0.0000000000
   0.2316158923   0.0000000000   0.0000000000
   0.2313893459   0.0000000000   0.0000000000
   0.2311621305   0.0000000000   0.0000000000
   0.2309342413   0.0000000000   0.0000000000
   0.2307056739   0.0000000000   0.0000000000
   0.2304764236   0.0000000000   0.0000000000
   0.2302464856   0.0000000000   0.0000000000
   0.2300158553   0.0000000000   0.0000000000
   0.2297845276   0.0000000000   0.0000000000
   0.2295524979   0.0000000000   0.0000000000
   0.2293197610   0.0000000000   0.0000000000
   0.2290863122   0.0000000000   0.0000000000
   0.2288521463   0.0000000000   0.0000000000
   0.2286172582   0.0000000000   0.0000000000
   0.2283816428   0.0000000000   0.0000000000
   0.2281452949   0.0000000000   0.0000000000
   0.2279082092   0.0000000000   0.0000000000
   0.2276703803   0.0000000000   0.0000000000
   0.2274318030   0.0000000000   0.0000000000
   0.2271924716   0.0000000000   0.0000000000
   0.2269523808   0.0000000000   0.0000000000
   0.2267115249   0.0000000000   0.0000000000
   0.2264698982   0.0000000000   0.0000000000
   0.2262274951   0.0000000000   0.0000000000
   0.2259843098   0.0000000000   0.0000000000
   0.2257403364   0.0000000000   0.0000000000
   0.2254955690   0.0000000000   0.0000000000
   0.2252500017   0.0000000000   0.0000000000
   0.2250036283   0.0000000000   0.0000000000
   0.2247564427   0.0000000000   0.0000000000
   0.2245084387   0.0000000000   0.0000000000
   0.2242596100   0.0000000000   0.0000000000
   0.2240099503   0.0000000000   0.0000000000
   0.2237594531   0.0000000000   0.0000000000
   0.2235081118   0.0000000000   0.0000000000
   0.2232559200   0.0000000000   0.0000000000
   0.2230028708   0.0000000000   0.0000000000
   0.2227489575   0.0000000000   0.0000000000
   0.2224941733   0.0000000000   0.0000000000
   0.2222385111   0.0000000000   0.0000000000
   0.2219819640   0.0000000000   0.0000000000
   0.2217245249   0.0000000000   0.0000000000
   0.2214661864   0.0000000000   0.0000000000
   0.2212069413   0.0000000000   0.0000000000
   0.2209467822   0.0000000000   0.0000000000
   0.2206857016   0.0000000000   0.0000000000
   0.2204236918   0.0000000000   0.0000000000
   0.2201607452   0.0000000000   0.0000000000
   0.2198968539   0.0000000000   0.0000000000
   0.2196320099   0.0000000000   0.0000000000
   0.2193662053   0.0000000000   0.0000000000
   0.2190994320   0.0000000000   0.0000000000
   0.2188316816   0.0000000000   0.0000000000
   0.2185629459   0.0000000000   0.0000000000
   0.2182932162   0.0000000000   0.0000000000
   0.2180224840   0.0000000000   0.0000000000
   0.2177507406   0.0000000000   0.0000000000
   0.2174779771   0.0000000000   0.0000000000
   0.2172041845   0.0000000000   0.0000000000
   0.2169293537   0.0000000000   0.0000000000
   0.2166534755   0.0000000000   0.0000000000
   0.2163765404   0.0000000000   0.0000000000
   0.2160985391   0.0000000000   0.0000000000
   0.2158194617   0.0000000000   0.0000000000
   0.2155392985   0.0000000000   0.0000000000
   0.2152580396   0.0000000000   0.0000000000
   0.2149756747   0.0000000000   0.0000000000
   0.2146921938   0.0000000000   0.0000000000
   0.2144075862   0.0000000000   0.0000000000
   0.2141218416   0.0000000000   0.0000000000
   0.2138349490   0.0000000000   0.0000000000
   0.2135468975   0.0000000000   0.0000000000
   0.2132576761   0.0000000000   0.0000000000
   0.2129672735   0.0000000000   0.0000000000
   0.2126756783   0.0000000000   0.0000000000
   0.2123828787   0.0000000000   0.0000000000
   0.2120888629   0.0000000000   0.0000000000
   0.2117936189   0.0000000000   0.0000000000
   0.2114971344   0.0000000000   0.0000000000
   0.2111993970   0.0000000000   0.0000000000
   0.2109003940   0.0000000000   0.0000000000
   0.2106001126   0.0000000000   0.0000000000
   0.2102985395   0.0000000000   0.0000000000
   0.2099956616   0.0000000000   0.0000000000
   0.2096914651   0.0000000000   0.0000000000
   0.2093859363   0.0000000000   0.0000000000
   0.2090790610   0.0000000000   0.0000000000
   0.2087708250   0.0000000000   0.0000000000
   0.2084612136   0.0000000000   0.0000000000
   0.2081502119   0.0000000000   0.0000000000
   0.2078378049   0.0000000000   0.0000000000
   0.2075239770   0.0000000000   0.0000000000
   0.2072087125   0.0000000000   0.0000000000
   0.2068919953   0.0000000000   0.0000000000
   0.2065738090   0.0000000000   0.0000000000
   0.2062541370   0.0000000000   0.0000000000
   0.2059329621   0.0000000000   0.0000000000
   0.2056102671   0.0000000000   0.0000000000
   0.2052860340   0.0000000000   0.0000000000
   0.2049602449   0.0000000000   0.0000000000
   0.2046328811   0.0000000000   0.0000000000
   0.2043039237   0.0000000000   0.0000000000
   0.2039733534   0.0000000000   0.0000000000
   0.2036411505   0.0000000000   0.0000000000
   0.2033072946   0.0000000000   0.0000000000
   0.2029717652   0.0000000000   0.0000000000
   0.2026345412   0.0000000000   0.0000000000
   0.2022956007   0.0000000000   0.0000000000
   0.2019549217   0.0000000000   0.0000000000
   0.2016124815   0.0000000000   0.0000000000
   0.2012682568   0.0000000000   0.0000000000
   0.2009222238   0.0000000000   0.0000000000
   0.2005743582   0.0000000000   0.0000000000
   0.2002246346   0.0000000000   0.0000000000
   0.1998730277   0.0000000000   0.0000000000
   0.1995195107   0.0000000000   0.0000000000
   0.1991640568   0.0000000000   0.0000000000
   0.1988066380   0.0000000000   0.0000000000
   0.1984472257   0.0000000000   0.0000000000
   0.1980857905   0.0000000000   0.0000000000
   0.1977223022   0.0000000000   0.0000000000
   0.1973567294   0.0000000000   0.0000000000
   0.1969890402   0.0000000000   0.0000000000
   0.1966192014   0.0000000000   0.0000000000
   0.1962471790   0.0000000000   0.0000000000
   0.1958729378   0.0000000000   0.0000000000
   0.1954964415   0.0000000000   0.0000000000
   0.1951176525   0.0000000000   0.0000000000
   0.1947365322   0.0000000000   0.0000000000
   0.1943530403   0.0000000000   0.0000000000
   0.1939671356   0.0000000000   0.0000000000
   0.1935787749   0.0000000000   0.0000000000
   0.1931879138   0.0000000000   0.0000000000
   0.1927945061   0.0000000000   0.0000000000
   0.1923985039   0.0000000000   0.0000000000
   0.1919998574   0.0000000000   0.0000000000
   0.1915985149   0.0000000000   0.0000000000
   0.1911944225   0.0000000000   0.0000000000
   0.1907875242   0.0000000000   0.0000000000
   0.1903777614   0.0000000000   0.0000000000
   0.1899650732   0.0000000000   0.0000000000
   0.1895493958   0.0000000000   0.0000000000
   0.1891306627   0.0000000000   0.0000000000
   0.1887088040   0.0000000000   0.0000000000
   0.1882837467   0.0000000000   0.0000000000
   0.1878554141   0.0000000000   0.0000000000
   0.1874237255   0.0000000000   0.0000000000
   0.1869885964   0.0000000000   0.0000000000
   0.1865499375   0.0000000000   0.0000000000
   0.1861076545   0.0000000000   0.0000000000
   0.1856616482   0.0000000000   0.0000000000
   0.1852118134   0.0000000000   0.0000000000
   0.1847580386   0.0000000000   0.0000000000
   0.1843002057   0.0000000000   0.0000000000
   0.1838381890   0.0000000000   0.0000000000
   0.1833718547   0.0000000000   0.0000000000
   0.1829010601   0.0000000000   0.0000000000
   0.1824256524   0.0000000000   0.0000000000
   0.1819454683   0.0000000000   0.0000000000
   0.1814603323   0.0000000000   0.0000000000
   0.1809700554   0.0000000000   0.0000000000
   0.1804744340   0.0000000000   0.0000000000
