311	497.7	0	0	0	0.	1	7.366E-12	K0
311		2	2	111	111	0.311	2	211	-211	0.689
3122	1115.7	0	1	1	0.5	1	2.5E-12	Lambda0
3122	2	2	2212	-211	0.64	2	2112	111	0.36
-3122	1115.7	0	-1	-1	0.5	1	2.5E-12	Lambda~0	
-3122	2	2	-2212	211	0.64	2	-2112	111	0.36
3222	1189.4	1	1	1	0.5	1	8.21E-12	Sigma+	
3222	2	2	2212	111	0.516	2	2112	211	0.484
-3222	1189.4	-1	-1	-1	0.5	1	8.21E-12	Sigma~-	
-3222	2	2	-2212	111	0.516	2	-2112	-211	0.484
3212	1192.6	0	1	1	0.5	1	8.89E-3	Sigma0	
3212	1	2	3122	22	1.0
-3212	1192.6	0	-1	-1	0.5	1	8.89E-3	Sigma~0	
-3212	1	2	-3122	22	1.0
3112	1197.4	-1	1	1	0.5	1	4.45E-12	Sigma-	
3112	1	2	2112	-211	1.0
-3112	1197.4	1	-1	-1	0.5	1	4.45-12	Sigma~+	
-3112	1	2	-2112	211	1.0
3322	1314.9	0	1	2	0.5	1	2.27E-12	Xi0	
3322	1	2	3122	111	1.0
-3322	1314.9	0	-1	-2	0.5	1	2.27E-12	Xi~0	
-3322	1	2	-3122	111	1.0
3312	1321.3	-1	1	2	0.5	1	4.01E-12	Xi-	
3312	1	2	3122	-211	1.0	
-3312	1321.3	1	-1	-2	0.5	1	4.01E-12	Xi~+	
-3312	1	2	-3122	211	1.0	
3334	1672.5	-1	1	3	1.5	1	8.016E-12	Omega-	
3334	3	2	3122	-321	0.678	2	3322	-211	0.236	2	3312	111	0.086
-3334	1672.5	1	-1	-3	1.5	1	8.016E-12	Omega~+
-3334	3	2	-3122	321	0.678	2	-3322	211	0.236	2	-3312	111	0.086
221       547.5    0  0  0  0.   1  .00108	eta
221  4  2  22  22 .39  3   111  111  111  .32  3  111  211  -211 .24  3  211  -211  22 0.05
113       769.9    0  0  0  1.   1  153.0	rho0
113  1  2  211 -211  1.0
213       769.9    1  0  0  1.   1  153.0	rho+
213  1  2  111  211  1.0
-213      769.9   -1  0  0  1.   1  153.0	rho-
-213 1  2  111 -211  1.0
223       781.9    0  0  0  1.   1  8.5		omega
223  3  3  111  211 -211 .90  2  111 22 .08  2  211 -211 .02
331       957.8    0  0  0  0.   1  0.21	eta'
331  5  3  221  211  -211  .44  2  113  22  .30  3  221  111  111  .21  2  223 22  .03  2  22 22 .02
333       1019.4   0  0  0  1.   1  4.41	phi
333  7  2  321  -321  .495  2  311  -311 .345  2  -213  211  .043  2  213  -211  .043  2  113  111  .043  3  211 -211 111 .019  2  221  22  .012
313       896.1    0  0 -1  1.   1  51.3	K_*0
313  2  2  311  111  .333   2  321  -211  .667
-313      896.1    0  0  1  1.   1  51.3	K_*~0
-313   2  2  -311  111  .333   2  -321  211  .667
323       891.6    1  0 -1  1.   1  51.3	K_*+
323  2  2 311  211  .667  2  321  111 .333
-323      891.6   -1  0  1  1.   1  51.3	K_*-
-323  2  2 -311  -211  .667  2  -321  111 .333
2224      1232     2  1  0  1.5  1  115.0	Delta++
2224  1  2 211  2212  1.0
-2224     1232    -2 -1  0  1.5  1  115.0	Delta~--
-2224  1  2 -211  -2212  1.0
2214      1232    1  1  0  1.5  1  115.0	Delta+
2214  2 2  111  2212  .667  2 211  2112  .333
-2214     1232    -1 -1  0  1.5  1  115.0	Delta~-
-2214  2 2  111  -2212  .667  2 -211  -2112  .333
2114      1232     0  1  0  1.5  1  115.0	Delta0
2114  2 2  111  2112  .667  2  -211  2212  .333
-2114     1232     0 -1  0  1.5  1  115.0	Delta~0
-2114  2 2  111  -2112  .667  2  211  -2212  .333
1114      1232    -1  1  0  1.5  1  115.0	Delta-
1114	1 2 -211  2112  1.0
-1114     1232     1 -1  0  1.5  1  115.0	Delta~+
-1114	1 2 211  -2112  1.0
3224      1383     1  1  1  1.5  1  36		Sigma+
3224      3 2 3122 211 0.88  2 3222 111 0.06 2 3212 211 0.06
-3224     1383    -1 -1 -1  1.5  1  36		Sigma~-
-3224      3 2 -3122 -211 0.88   2 -3222 111 0.06 2 -3212 -211 0.06
3214      1384     0  1  1  1.5  1  36		Sigma0
3214      3 2 3122 111 0.88   2 3222 -211 0.06 2 3112 211 0.06
-3214     1384     0 -1 -1  1.5  1  36		Sigma~0
-3214      3 2 -3122 111 0.88   2 -3222 211 0.06 2 -3112 -211 0.06
3114      1387    -1  1  1  1.5  1  39		Sigma-
3114	   3 2 3122 -211 0.88   2 3112 111  0.06 2 3212 -211 0.06
-3114     1387     1 -1 -1  1.5  1  39		Sigma~+
-3114	   3 2 -3122 211 0.88   2 -3112 111  0.06 2 -3212 211 0.06
3324      1530     0  1  2  1.5  1  9.1		Xi0
3324       2 2   3322 111 0.333 2  3312   211 0.667
-3324     1530     0 -1 -2  1.5  1  9.1		Xi~0
-3324       2 2 -3322 111 0.333 2 -3312 -211  0.667
3314      1530    -1  1  2  1.5  1  9.9		Xi-
3314        2 2 3312 111 0.333 2 3322 -211 0.667
-3314     1530     1 -1 -2  1.5  1  9.9		Xi~+
-3314        2 2 -3312 111 0.333 2 -3322 211 0.667