   61.000999999999998     
  0.50000000000000000              501
 311.0010000000  98.7704687609   646.8236398878   0.0000000000   1.0000000000
 310.5010000000  98.6074934878   646.0342342232   0.0000000000   1.0000000000
 310.0010000000  98.4445210128   645.2445130212   0.0000000000   1.0000000000
 309.5010000000  98.2815517033   644.4544773962   0.0000000000   1.0000000000
 309.0010000000  98.1185853520   643.6641256750   0.0000000000   1.0000000000
 308.5010000000  97.9556219466   642.8734571270   0.0000000000   1.0000000000
 308.0010000000  97.7926616690   642.0824719608   0.0000000000   1.0000000000
 307.5010000000  97.6297043203   641.2911685353   0.0000000000   1.0000000000
 307.0010000000  97.4667500870   640.4995470775   0.0000000000   1.0000000000
 306.5010000000  97.3037989665   639.7076068946   0.0000000000   1.0000000000
 306.0010000000  97.1408509591   638.9153473039   0.0000000000   1.0000000000
 305.5010000000  96.9779058770   638.1227667076   0.0000000000   1.0000000000
 305.0010000000  96.8149639164   637.3298653696   0.0000000000   1.0000000000
 304.5010000000  96.6520250850   636.5366426376   0.0000000000   1.0000000000
 304.0010000000  96.4890893933   635.7430978689   0.0000000000   1.0000000000
 303.5010000000  96.3261566651   634.9492295091   0.0000000000   1.0000000000
 303.0010000000  96.1632271057   634.1550378595   0.0000000000   1.0000000000
 302.5010000000  96.0003007335   633.3605223081   0.0000000000   1.0000000000
 302.0010000000  95.8373773807   632.5656813329   0.0000000000   1.0000000000
 301.5010000000  95.6744572597   631.7705152634   0.0000000000   1.0000000000
 301.0010000000  95.5115402086   630.9750225997   0.0000000000   1.0000000000
 300.5010000000  95.3486264444   630.1792036900   0.0000000000   1.0000000000
 300.0010000000  95.1857158109   629.3830570561   0.0000000000   1.0000000000
 299.5010000000  95.0228081551   628.5865812332   0.0000000000   1.0000000000
 299.0010000000  94.8599038892   627.7897775155   0.0000000000   1.0000000000
 298.5010000000  94.6970026783   626.9926435432   0.0000000000   1.0000000000
 298.0010000000  94.5341045655   626.1951788003   0.0000000000   1.0000000000
 297.5010000000  94.3712097829   625.3973836943   0.0000000000   1.0000000000
 297.0010000000  94.2083181917   624.5992568154   0.0000000000   1.0000000000
 296.5010000000  94.0454298427   623.8007976783   0.0000000000   1.0000000000
 296.0010000000  93.8825447893   623.0020058083   0.0000000000   1.0000000000
 295.5010000000  93.7196629021   622.2028798309   0.0000000000   1.0000000000
 295.0010000000  93.5567842404   621.4034192944   0.0000000000   1.0000000000
 294.5010000000  93.3939086811   620.6036228488   0.0000000000   1.0000000000
 294.0010000000  93.2310366588   619.8034918805   0.0000000000   1.0000000000
 293.5010000000  93.0681676864   619.0030232457   0.0000000000   1.0000000000
 293.0010000000  92.9053020193   618.2022174449   0.0000000000   1.0000000000
 292.5010000000  92.7424397304   617.4010740802   0.0000000000   1.0000000000
 292.0010000000  92.5795807116   616.5995918598   0.0000000000   1.0000000000
 291.5010000000  92.4167248582   615.7977695054   0.0000000000   1.0000000000
 291.0010000000  92.2538724356   614.9956075581   0.0000000000   1.0000000000
 290.5010000000  92.0910233448   614.1931047620   0.0000000000   1.0000000000
 290.0010000000  91.9281774905   613.3902598747   0.0000000000   1.0000000000
 289.5010000000  91.7653351458   612.5870734689   0.0000000000   1.0000000000
 289.0010000000  91.6024958563   611.7835425248   0.0000000000   1.0000000000
 288.5010000000  91.4396600835   610.9796685383   0.0000000000   1.0000000000
 288.0010000000  91.2768277440   610.1754503145   0.0000000000   1.0000000000
 287.5010000000  91.1139987578   609.3708866721   0.0000000000   1.0000000000
 287.0010000000  90.9511730488   608.5659764434   0.0000000000   1.0000000000
 286.5010000000  90.7883507253   607.7607193706   0.0000000000   1.0000000000
 286.0010000000  90.6255318981   606.9551152064   0.0000000000   1.0000000000
 285.5010000000  90.4627163197   606.1491619250   0.0000000000   1.0000000000
 285.0010000000  90.2999042879   605.3428601988   0.0000000000   1.0000000000
 284.5010000000  90.1370957421   604.5362089217   0.0000000000   1.0000000000
 284.0010000000  89.9742904452   603.7292061094   0.0000000000   1.0000000000
 283.5010000000  89.8114887035   602.9218524683   0.0000000000   1.0000000000
 283.0010000000  89.6486904664   602.1141469315   0.0000000000   1.0000000000
 282.5010000000  89.4858955074   601.3060875561   0.0000000000   1.0000000000
 282.0010000000  89.3231041414   600.4976750829   0.0000000000   1.0000000000
 281.5010000000  89.1603163276   599.6889084841   0.0000000000   1.0000000000
 281.0010000000  88.9975318502   598.8797858585   0.0000000000   1.0000000000
 280.5010000000  88.8347508543   598.0703070950   0.0000000000   1.0000000000
 280.0010000000  88.6719734878   597.2604720932   0.0000000000   1.0000000000
 279.5010000000  88.5091995455   596.4502789936   0.0000000000   1.0000000000
 279.0010000000  88.3464291818   595.6397277223   0.0000000000   1.0000000000
 278.5010000000  88.1836623765   594.8288173325   0.0000000000   1.0000000000
 278.0010000000  88.0208991127   594.0175468918   0.0000000000   1.0000000000
 277.5010000000  87.8581393774   593.2059154814   0.0000000000   1.0000000000
 277.0010000000  87.6953831608   592.3939221970   0.0000000000   1.0000000000
 276.5010000000  87.5326306332   591.5815670282   0.0000000000   1.0000000000
 276.0010000000  87.3698816152   590.7688482169   0.0000000000   1.0000000000
 275.5010000000  87.2071362838   589.9557657792   0.0000000000   1.0000000000
 275.0010000000  87.0443944671   589.1423179869   0.0000000000   1.0000000000
 274.5010000000  86.8816561733   588.3285040058   0.0000000000   1.0000000000
 274.0010000000  86.7189217643   587.5143247684   0.0000000000   1.0000000000
 273.5010000000  86.5561907292   586.6997768381   0.0000000000   1.0000000000
 273.0010000000  86.3934634367   585.8848611748   0.0000000000   1.0000000000
 272.5010000000  86.2307399085   585.0695769990   0.0000000000   1.0000000000
 272.0010000000  86.0680198215   584.2539217989   0.0000000000   1.0000000000
 271.5010000000  85.9053035535   583.4378965727   0.0000000000   1.0000000000
 271.0010000000  85.7425909631   582.6214997119   0.0000000000   1.0000000000
 270.5010000000  85.5798820870   581.8047304963   0.0000000000   1.0000000000
 270.0010000000  85.4171769650   580.9875882200   0.0000000000   1.0000000000
 269.5010000000  85.2544754681   580.1700713223   0.0000000000   1.0000000000
 269.0010000000  85.0917776440   579.3521791283   0.0000000000   1.0000000000
 268.5010000000  84.9290837166   578.5339118451   0.0000000000   1.0000000000
 268.0010000000  84.7663933959   577.7152670909   0.0000000000   1.0000000000
 267.5010000000  84.6037069130   576.8962451022   0.0000000000   1.0000000000
 267.0010000000  84.4410241583   576.0768443970   0.0000000000   1.0000000000
 266.5010000000  84.2783451983   575.2570643750   0.0000000000   1.0000000000
 266.0010000000  84.1156699317   574.4369035868   0.0000000000   1.0000000000
 265.5010000000  83.9529986036   573.6163623261   0.0000000000   1.0000000000
 265.0010000000  83.7903311203   572.7954391745   0.0000000000   1.0000000000
 264.5010000000  83.6276673927   571.9741327312   0.0000000000   1.0000000000
 264.0010000000  83.4650075064   571.1524424734   0.0000000000   1.0000000000
 263.5010000000  83.3023515504   570.3303678927   0.0000000000   1.0000000000
 263.0010000000  83.1396992780   569.5079067788   0.0000000000   1.0000000000
 262.5010000000  82.9770509564   568.6850595152   0.0000000000   1.0000000000
 262.0010000000  82.8144065169   567.8618247830   0.0000000000   1.0000000000
 261.5010000000  82.6517660641   567.0382021377   0.0000000000   1.0000000000
 261.0010000000  82.4891293691   566.2141894387   0.0000000000   1.0000000000
 260.5010000000  82.3264967135   565.3897871301   0.0000000000   1.0000000000
 260.0010000000  82.1638678772   564.5649931065   0.0000000000   1.0000000000
 259.5010000000  82.0012429811   563.7398069896   0.0000000000   1.0000000000
 259.0010000000  81.8386221502   562.9142284158   0.0000000000   1.0000000000
 258.5010000000  81.6760051775   562.0882553339   0.0000000000   1.0000000000
 258.0010000000  81.5133921964   561.2618874150   0.0000000000   1.0000000000
 257.5010000000  81.3507831767   560.4351234954   0.0000000000   1.0000000000
 257.0010000000  81.1881780927   559.6079624297   0.0000000000   1.0000000000
 256.5010000000  81.0255772564   558.7804047862   0.0000000000   1.0000000000
 256.0010000000  80.8629801507   557.9524469100   0.0000000000   1.0000000000
 255.5010000000  80.7003872625   557.1240902514   0.0000000000   1.0000000000
 255.0010000000  80.5377984169   556.2953328876   0.0000000000   1.0000000000
 254.5010000000  80.3752136101   555.4661737619   0.0000000000   1.0000000000
 254.0010000000  80.2126328430   554.6366118362   0.0000000000   1.0000000000
 253.5010000000  80.0500561208   553.8066460905   0.0000000000   1.0000000000
 253.0010000000  79.8874834534   552.9762755234   0.0000000000   1.0000000000
 252.5010000000  79.7249150195   552.1454999928   0.0000000000   1.0000000000
 252.0010000000  79.5623506731   551.3143176914   0.0000000000   1.0000000000
 251.5010000000  79.3997904376   550.4827276731   0.0000000000   1.0000000000
 251.0010000000  79.2372343408   549.6507290103   0.0000000000   1.0000000000
 250.5010000000  79.0746822516   548.8183199560   0.0000000000   1.0000000000
 250.0010000000  78.9121345345   547.9855012962   0.0000000000   1.0000000000
 249.5010000000  78.7495909041   547.1522704842   0.0000000000   1.0000000000
 249.0010000000  78.5870515698   546.3186275046   0.0000000000   1.0000000000
 248.5010000000  78.4245162573   545.4845698538   0.0000000000   1.0000000000
 248.0010000000  78.2619853476   544.6500983881   0.0000000000   1.0000000000
 247.5010000000  78.0994585763   543.8152106447   0.0000000000   1.0000000000
 247.0010000000  77.9369360090   542.9799058502   0.0000000000   1.0000000000
 246.5010000000  77.7744178775   542.1441840811   0.0000000000   1.0000000000
 246.0010000000  77.6119039329   541.3080429383   0.0000000000   1.0000000000
 245.5010000000  77.4493940943   540.4714808780   0.0000000000   1.0000000000
 245.0010000000  77.2868887684   539.6344988643   0.0000000000   1.0000000000
 244.5010000000  77.1243877224   538.7970945622   0.0000000000   1.0000000000
 244.0010000000  76.9618908902   537.9592664899   0.0000000000   1.0000000000
 243.5010000000  76.7993985315   537.1210148393   0.0000000000   1.0000000000
 243.0010000000  76.6369104300   536.2823373429   0.0000000000   1.0000000000
 242.5010000000  76.4744266949   535.4432334073   0.0000000000   1.0000000000
 242.0010000000  76.3119474403   534.6037024584   0.0000000000   1.0000000000
 241.5010000000  76.1494724662   533.7637422958   0.0000000000   1.0000000000
 241.0010000000  75.9870018971   532.9233523887   0.0000000000   1.0000000000
 240.5010000000  75.8245358620   532.0825322251   0.0000000000   1.0000000000
 240.0010000000  75.6620741777   531.2412796724   0.0000000000   1.0000000000
 239.5010000000  75.4996169837   530.3995942623   0.0000000000   1.0000000000
 239.0010000000  75.3371641083   529.5574739092   0.0000000000   1.0000000000
 238.5010000000  75.1747158591   528.7149190057   0.0000000000   1.0000000000
 238.0010000000  75.0122720753   527.8719275109   0.0000000000   1.0000000000
 237.5010000000  74.8498327597   527.0284982254   0.0000000000   1.0000000000
 237.0010000000  74.6873980772   526.1846307878   0.0000000000   1.0000000000
 236.5010000000  74.5249678845   525.3403232279   0.0000000000   1.0000000000
 236.0010000000  74.3625422009   524.4955744149   0.0000000000   1.0000000000
 235.5010000000  74.2001210511   523.6503832413   0.0000000000   1.0000000000
 235.0010000000  74.0377044655   522.8047486220   0.0000000000   1.0000000000
 234.5010000000  73.8752924801   521.9586694952   0.0000000000   1.0000000000
 234.0010000000  73.7128852916   521.1121456320   0.0000000000   1.0000000000
 233.5010000000  73.5504824810   520.2651735872   0.0000000000   1.0000000000
 233.0010000000  73.3880844118   519.4177539895   0.0000000000   1.0000000000
 232.5010000000  73.2256909875   518.5698850623   0.0000000000   1.0000000000
 232.0010000000  73.0633022723   517.7215658617   0.0000000000   1.0000000000
 231.5010000000  72.9009181820   516.8727946619   0.0000000000   1.0000000000
 231.0010000000  72.7385389465   516.0235713727   0.0000000000   1.0000000000
 230.5010000000  72.5761641859   515.1738927091   0.0000000000   1.0000000000
 230.0010000000  72.4137942955   514.3237594340   0.0000000000   1.0000000000
 229.5010000000  72.2514292147   513.4731699208   0.0000000000   1.0000000000
 229.0010000000  72.0890687371   512.6221217687   0.0000000000   1.0000000000
 228.5010000000  71.9267131210   511.7706150080   0.0000000000   1.0000000000
 228.0010000000  71.7643623248   510.9186480903   0.0000000000   1.0000000000
 227.5010000000  71.6020163136   510.0662194944   0.0000000000   1.0000000000
 227.0010000000  71.4396752105   509.2133285235   0.0000000000   1.0000000000
 226.5010000000  71.2773388414   508.3599729112   0.0000000000   1.0000000000
 226.0010000000  71.1150073421   507.5061520135   0.0000000000   1.0000000000
 225.5010000000  70.9526807029   506.6518644149   0.0000000000   1.0000000000
 225.0010000000  70.7903590713   505.7971095213   0.0000000000   1.0000000000
 224.5010000000  70.6280422997   504.9418851763   0.0000000000   1.0000000000
 224.0010000000  70.4657303978   504.0861900465   0.0000000000   1.0000000000
 223.5010000000  70.3034233822   503.2300228258   0.0000000000   1.0000000000
 223.0010000000  70.1411214256   502.3733830262   0.0000000000   1.0000000000
 222.5010000000  69.9788245567   501.5162693940   0.0000000000   1.0000000000
 222.0010000000  69.8165325125   500.6586791255   0.0000000000   1.0000000000
 221.5010000000  69.6542454853   499.8006118155   0.0000000000   1.0000000000
 221.0010000000  69.4919635241   498.9420662955   0.0000000000   1.0000000000
 220.5010000000  69.3296866848   498.0830414251   0.0000000000   1.0000000000
 220.0010000000  69.1674148812   497.2235353063   0.0000000000   1.0000000000
 219.5010000000  69.0051480350   496.3635460723   0.0000000000   1.0000000000
 219.0010000000  68.8428863706   495.5030734548   0.0000000000   1.0000000000
 218.5010000000  68.6806298232   494.6421156446   0.0000000000   1.0000000000
 218.0010000000  68.5183784826   493.7806716457   0.0000000000   1.0000000000
 217.5010000000  68.3561321514   492.9187389286   0.0000000000   1.0000000000
 217.0010000000  68.1938910808   492.0563173386   0.0000000000   1.0000000000
 216.5010000000  68.0316552345   491.1934051874   0.0000000000   1.0000000000
 216.0010000000  67.8694245839   490.3300008188   0.0000000000   1.0000000000
 215.5010000000  67.7071991080   489.4661026081   0.0000000000   1.0000000000
 215.0010000000  67.5449789389   488.6017097388   0.0000000000   1.0000000000
 214.5010000000  67.3827639246   487.7368198720   0.0000000000   1.0000000000
 214.0010000000  67.2205542117   486.8714322532   0.0000000000   1.0000000000
 213.5010000000  67.0583499535   486.0055461562   0.0000000000   1.0000000000
 213.0010000000  66.8961508760   485.1391585659   0.0000000000   1.0000000000
 212.5010000000  66.7339571478   484.2722688210   0.0000000000   1.0000000000
 212.0010000000  66.5717688000   483.4048755185   0.0000000000   1.0000000000
 211.5010000000  66.4095858712   482.5369772874   0.0000000000   1.0000000000
 211.0010000000  66.2474082640   481.6685720201   0.0000000000   1.0000000000
 210.5010000000  66.0852361763   480.7996591810   0.0000000000   1.0000000000
 210.0010000000  65.9230693833   479.9302359622   0.0000000000   1.0000000000
 209.5010000000  65.7609082409   479.0603026600   0.0000000000   1.0000000000
 209.0010000000  65.5987523979   478.1898557699   0.0000000000   1.0000000000
 208.5010000000  65.4366020830   477.3188948881   0.0000000000   1.0000000000
 208.0010000000  65.2744573892   476.4474188765   0.0000000000   1.0000000000
 207.5010000000  65.1123181336   475.5754251048   0.0000000000   1.0000000000
 207.0010000000  64.9501844260   474.7029125058   0.0000000000   1.0000000000
 206.5010000000  64.7880563836   473.8298800453   0.0000000000   1.0000000000
 206.0010000000  64.6259338494   472.9563252025   0.0000000000   1.0000000000
 205.5010000000  64.4638169573   472.0822470145   0.0000000000   1.0000000000
 205.0010000000  64.3017058488   471.2076445516   0.0000000000   1.0000000000
 204.5010000000  64.1396002525   470.3325146461   0.0000000000   1.0000000000
 204.0010000000  63.9775003272   469.4568564428   0.0000000000   1.0000000000
 203.5010000000  63.8154062395   468.5806691197   0.0000000000   1.0000000000
 203.0010000000  63.6533177453   467.7039496255   0.0000000000   1.0000000000
 202.5010000000  63.4912350283   466.8266972133   0.0000000000   1.0000000000
 202.0010000000  63.3291581414   465.9489104171   0.0000000000   1.0000000000
 201.5010000000  63.1670870070   465.0705870569   0.0000000000   1.0000000000
 201.0010000000  63.0050216266   464.1917253687   0.0000000000   1.0000000000
 200.5010000000  62.8429620798   463.3123240029   0.0000000000   1.0000000000
 200.0010000000  62.6809085235   462.4323820212   0.0000000000   1.0000000000
 199.5010000000  62.5188607790   461.5518966519   0.0000000000   1.0000000000
 199.0010000000  62.3568189528   460.6708666620   0.0000000000   1.0000000000
 198.5010000000  62.1947830230   459.7892901101   0.0000000000   1.0000000000
 198.0010000000  62.0327529773   458.9071650965   0.0000000000   1.0000000000
 197.5010000000  61.8707290860   458.0244912506   0.0000000000   1.0000000000
 197.0010000000  61.7087110821   457.1412652644   0.0000000000   1.0000000000
 196.5010000000  61.5466989821   456.2574853629   0.0000000000   1.0000000000
 196.0010000000  61.3846930837   455.3731512951   0.0000000000   1.0000000000
 195.5010000000  61.2226932857   454.4882606241   0.0000000000   1.0000000000
 195.0010000000  61.0606994978   453.6028109586   0.0000000000   1.0000000000
 194.5010000000  60.8987117751   452.7168006914   0.0000000000   1.0000000000
 194.0010000000  60.7367301823   451.8302282574   0.0000000000   1.0000000000
 193.5010000000  60.5747549283   450.9430928699   0.0000000000   1.0000000000
 193.0010000000  60.4127856940   450.0553908396   0.0000000000   1.0000000000
 192.5010000000  60.2508227085   449.1671214683   0.0000000000   1.0000000000
 192.0010000000  60.0888659423   448.2782826296   0.0000000000   1.0000000000
 191.5010000000  59.9269155101   447.3888729760   0.0000000000   1.0000000000
 191.0010000000  59.7649712697   446.4988897397   0.0000000000   1.0000000000
 190.5010000000  59.6030334895   445.6083323948   0.0000000000   1.0000000000
 190.0010000000  59.4411019161   444.7171975360   0.0000000000   1.0000000000
 189.5010000000  59.2791767057   443.8254839984   0.0000000000   1.0000000000
 189.0010000000  59.1172578922   442.9331899323   0.0000000000   1.0000000000
 188.5010000000  58.9553455202   442.0403135349   0.0000000000   1.0000000000
 188.0010000000  58.7934396449   441.1468530507   0.0000000000   1.0000000000
 187.5010000000  58.6315402011   440.2528060462   0.0000000000   1.0000000000
 187.0010000000  58.4696472663   439.3581708629   0.0000000000   1.0000000000
 186.5010000000  58.3077607978   438.4629451668   0.0000000000   1.0000000000
 186.0010000000  58.1458808953   437.5671273971   0.0000000000   1.0000000000
 185.5010000000  57.9840075389   436.6707153195   0.0000000000   1.0000000000
 185.0010000000  57.8221408505   435.7737074710   0.0000000000   1.0000000000
 184.5010000000  57.6602807033   434.8761009988   0.0000000000   1.0000000000
 184.0010000000  57.4984272421   433.9778945412   0.0000000000   1.0000000000
 183.5010000000  57.3365804933   433.0790860677   0.0000000000   1.0000000000
 183.0010000000  57.1747404950   432.1796735996   0.0000000000   1.0000000000
 182.5010000000  57.0129071686   431.2796544952   0.0000000000   1.0000000000
 182.0010000000  56.8510805765   430.3790268829   0.0000000000   1.0000000000
 181.5010000000  56.6892609209   429.4777896564   0.0000000000   1.0000000000
 181.0010000000  56.5274480316   428.5759396215   0.0000000000   1.0000000000
 180.5010000000  56.3656418795   427.6734743556   0.0000000000   1.0000000000
 180.0010000000  56.2038427665   426.7703932679   0.0000000000   1.0000000000
 179.5010000000  56.0420505605   425.8666933321   0.0000000000   1.0000000000
 179.0010000000  55.8802652063   424.9623719370   0.0000000000   1.0000000000
 178.5010000000  55.7184868520   424.0574275908   0.0000000000   1.0000000000
 178.0010000000  55.5567155311   423.1518581488   0.0000000000   1.0000000000
 177.5010000000  55.3949512901   422.2456615232   0.0000000000   1.0000000000
 177.0010000000  55.2331940625   421.3388349792   0.0000000000   1.0000000000
 176.5010000000  55.0714439212   420.4313765468   0.0000000000   1.0000000000
 176.0010000000  54.9097008269   419.5232836109   0.0000000000   1.0000000000
 175.5010000000  54.7479650037   418.6145550209   0.0000000000   1.0000000000
 175.0010000000  54.5862363139   417.7051875788   0.0000000000   1.0000000000
 174.5010000000  54.4245148833   416.7951795514   0.0000000000   1.0000000000
 174.0010000000  54.2628007266   415.8845285649   0.0000000000   1.0000000000
 173.5010000000  54.1010938722   414.9732323078   0.0000000000   1.0000000000
 173.0010000000  53.9393942393   414.0612878346   0.0000000000   1.0000000000
 172.5010000000  53.7777020081   413.1486936568   0.0000000000   1.0000000000
 172.0010000000  53.6160171262   412.2354469557   0.0000000000   1.0000000000
 171.5010000000  53.4543396784   411.3215456729   0.0000000000   1.0000000000
 171.0010000000  53.2926697637   410.4069878126   0.0000000000   1.0000000000
 170.5010000000  53.1310072507   409.4917700597   0.0000000000   1.0000000000
 170.0010000000  52.9693522678   408.5758905506   0.0000000000   1.0000000000
 169.5010000000  52.8077048357   407.6593467958   0.0000000000   1.0000000000
 169.0010000000  52.6460649902   406.7421363734   0.0000000000   1.0000000000
 168.5010000000  52.4844327214   405.8242565855   0.0000000000   1.0000000000
 168.0010000000  52.3228081559   404.9057054900   0.0000000000   1.0000000000
 167.5010000000  52.1611913140   403.9864805256   0.0000000000   1.0000000000
 167.0010000000  51.9995821118   403.0665785174   0.0000000000   1.0000000000
 166.5010000000  51.8379806615   402.1459973891   0.0000000000   1.0000000000
 166.0010000000  51.6763870904   401.2247351328   0.0000000000   1.0000000000
 165.5010000000  51.5148013022   400.3027884474   0.0000000000   1.0000000000
 165.0010000000  51.3532234558   399.3801554686   0.0000000000   1.0000000000
 164.5010000000  51.1916534876   398.4568330430   0.0000000000   1.0000000000
 164.0010000000  51.0300913511   397.5328180947   0.0000000000   1.0000000000
 163.5010000000  50.8685373717   396.6081096556   0.0000000000   1.0000000000
 163.0010000000  50.7069912991   395.6827034440   0.0000000000   1.0000000000
 162.5010000000  50.5454532551   394.7565972884   0.0000000000   1.0000000000
 162.0010000000  50.3839233777   393.8297890914   0.0000000000   1.0000000000
 161.5010000000  50.2224015870   392.9022754841   0.0000000000   1.0000000000
 161.0010000000  50.0608880546   391.9740545236   0.0000000000   1.0000000000
 160.5010000000  49.8993826189   391.0451223293   0.0000000000   1.0000000000
 160.0010000000  49.7378855444   390.1154774513   0.0000000000   1.0000000000
 159.5010000000  49.5763967054   389.1851161728   0.0000000000   1.0000000000
 159.0010000000  49.4149161688   388.2540358654   0.0000000000   1.0000000000
 158.5010000000  49.2534440774   387.3222343154   0.0000000000   1.0000000000
 158.0010000000  49.0919803604   386.3897080579   0.0000000000   1.0000000000
 157.5010000000  48.9305250816   385.4564543806   0.0000000000   1.0000000000
 157.0010000000  48.7690783230   384.5224706551   0.0000000000   1.0000000000
 156.5010000000  48.6076400705   383.5877536751   0.0000000000   1.0000000000
 156.0010000000  48.4462104434   382.6523009845   0.0000000000   1.0000000000
 155.5010000000  48.2847894657   381.7161095516   0.0000000000   1.0000000000
 155.0010000000  48.1233770672   380.7791757749   0.0000000000   1.0000000000
 154.5010000000  47.9619734246   379.8414974626   0.0000000000   1.0000000000
 154.0010000000  47.8005785070   378.9030711945   0.0000000000   1.0000000000
 153.5010000000  47.6391924168   377.9638943001   0.0000000000   1.0000000000
 153.0010000000  47.4778151632   377.0239635445   0.0000000000   1.0000000000
 152.5010000000  47.3164467762   376.0832757874   0.0000000000   1.0000000000
 152.0010000000  47.1550873060   375.1418279830   0.0000000000   1.0000000000
 151.5010000000  46.9937368793   374.1996175067   0.0000000000   1.0000000000
 151.0010000000  46.8323954201   373.2566405258   0.0000000000   1.0000000000
 150.5010000000  46.6710630412   372.3128942840   0.0000000000   1.0000000000
 150.0010000000  46.5097398205   371.3683757964   0.0000000000   1.0000000000
 149.5010000000  46.3484256360   370.4230808820   0.0000000000   1.0000000000
 149.0010000000  46.1871207747   369.4770077281   0.0000000000   1.0000000000
 148.5010000000  46.0258251584   368.5301523569   0.0000000000   1.0000000000
 148.0010000000  45.8645387871   367.5825112198   0.0000000000   1.0000000000
 147.5010000000  45.7032618472   366.6340818386   0.0000000000   1.0000000000
 147.0010000000  45.5419942740   365.6848602300   0.0000000000   1.0000000000
 146.5010000000  45.3807361352   364.7348431618   0.0000000000   1.0000000000
 146.0010000000  45.2194875214   363.7840275087   0.0000000000   1.0000000000
 145.5010000000  45.0582484376   362.8324096135   0.0000000000   1.0000000000
 145.0010000000  44.8970190208   361.8799865679   0.0000000000   1.0000000000
 144.5010000000  44.7357992153   360.9267542985   0.0000000000   1.0000000000
 144.0010000000  44.5745890981   359.9727094835   0.0000000000   1.0000000000
 143.5010000000  44.4133887697   359.0178489136   0.0000000000   1.0000000000
 143.0010000000  44.2521982479   358.0621688590   0.0000000000   1.0000000000
 142.5010000000  44.0910176821   357.1056663392   0.0000000000   1.0000000000
 142.0010000000  43.9298469268   356.1483365949   0.0000000000   1.0000000000
 141.5010000000  43.7686861819   355.1901768824   0.0000000000   1.0000000000
 141.0010000000  43.6075354594   354.2311833149   0.0000000000   1.0000000000
 140.5010000000  43.4463947979   353.2713521289   0.0000000000   1.0000000000
 140.0010000000  43.2852642620   352.3106796840   0.0000000000   1.0000000000
 139.5010000000  43.1241439426   351.3491624639   0.0000000000   1.0000000000
 139.0010000000  42.9630339564   350.3867970763   0.0000000000   1.0000000000
 138.5010000000  42.8019341862   349.4235786960   0.0000000000   1.0000000000
 138.0010000000  42.6408448035   348.4595041884   0.0000000000   1.0000000000
 137.5010000000  42.4797658503   347.4945696130   0.0000000000   1.0000000000
 137.0010000000  42.3186974483   346.5287714714   0.0000000000   1.0000000000
 136.5010000000  42.1576395406   345.5621051587   0.0000000000   1.0000000000
 136.0010000000  41.9965922024   344.5945668272   0.0000000000   1.0000000000
 135.5010000000  41.8355555374   343.6261527646   0.0000000000   1.0000000000
 135.0010000000  41.6745296778   342.6568593948   0.0000000000   1.0000000000
 134.5010000000  41.5135145297   341.6866817436   0.0000000000   1.0000000000
 134.0010000000  41.3525102841   340.7156165164   0.0000000000   1.0000000000
 133.5010000000  41.1915169077   339.7436590273   0.0000000000   1.0000000000
 133.0010000000  41.0305345496   338.7708056547   0.0000000000   1.0000000000
 132.5010000000  40.8695631874   337.7970517013   0.0000000000   1.0000000000
 132.0010000000  40.7086029309   336.8223932300   0.0000000000   1.0000000000
 131.5010000000  40.5476539205   335.8468264516   0.0000000000   1.0000000000
 131.0010000000  40.3867161280   334.8703465139   0.0000000000   1.0000000000
 130.5010000000  40.2257895580   333.8929487227   0.0000000000   1.0000000000
 130.0010000000  40.0648744469   332.9146297494   0.0000000000   1.0000000000
 129.5010000000  39.9039707648   331.9353846081   0.0000000000   1.0000000000
 129.0010000000  39.7430786146   330.9552090784   0.0000000000   1.0000000000
 128.5010000000  39.5821980343   329.9740984995   0.0000000000   1.0000000000
 128.0010000000  39.4213290956   328.9920483760   0.0000000000   1.0000000000
 127.5010000000  39.2604718072   328.0090537803   0.0000000000   1.0000000000
 127.0010000000  39.0996264077   327.0251111488   0.0000000000   1.0000000000
 126.5010000000  38.9387928775   326.0402152934   0.0000000000   1.0000000000
 126.0010000000  38.7779712335   325.0543612029   0.0000000000   1.0000000000
 125.5010000000  38.6171616255   324.0675446358   0.0000000000   1.0000000000
 125.0010000000  38.4563640947   323.0797606359   0.0000000000   1.0000000000
 124.5010000000  38.2955787671   322.0910047227   0.0000000000   1.0000000000
 124.0010000000  38.1348056618   321.1012717104   0.0000000000   1.0000000000
 123.5010000000  37.9740447886   320.1105563051   0.0000000000   1.0000000000
 123.0010000000  37.8132963863   319.1188545765   0.0000000000   1.0000000000
 122.5010000000  37.6525604934   318.1261613098   0.0000000000   1.0000000000
 122.0010000000  37.4918371404   317.1324711908   0.0000000000   1.0000000000
 121.5010000000  37.3311263510   316.1377788093   0.0000000000   1.0000000000
 121.0010000000  37.1704283304   315.1420798275   0.0000000000   1.0000000000
 120.5010000000  37.0097431353   314.1453689374   0.0000000000   1.0000000000
 120.0010000000  36.8490707706   313.1476404540   0.0000000000   1.0000000000
 119.5010000000  36.6884113765   312.1488894786   0.0000000000   1.0000000000
 119.0010000000  36.5277650419   311.1491107389   0.0000000000   1.0000000000
 118.5010000000  36.3671318979   310.1482991720   0.0000000000   1.0000000000
 118.0010000000  36.2065118879   309.1464484872   0.0000000000   1.0000000000
 117.5010000000  36.0459052304   308.1435540512   0.0000000000   1.0000000000
 117.0010000000  35.8853119572   307.1396100107   0.0000000000   1.0000000000
 116.5010000000  35.7247321916   306.1346110220   0.0000000000   1.0000000000
 116.0010000000  35.5641660103   305.1285513939   0.0000000000   1.0000000000
 115.5010000000  35.4036134457   304.1214250945   0.0000000000   1.0000000000
 115.0010000000  35.2430746676   303.1132268933   0.0000000000   1.0000000000
 114.5010000000  35.0825498021   302.1039512230   0.0000000000   1.0000000000
 114.0010000000  34.9220388426   301.0935916214   0.0000000000   1.0000000000
 113.5010000000  34.7615419218   300.0821424360   0.0000000000   1.0000000000
 113.0010000000  34.6010591763   299.0695979752   0.0000000000   1.0000000000
 112.5010000000  34.4405906584   298.0559519500   0.0000000000   1.0000000000
 112.0010000000  34.2801365153   297.0411986053   0.0000000000   1.0000000000
 111.5010000000  34.1196967683   296.0253313198   0.0000000000   1.0000000000
 111.0010000000  33.9592716230   295.0083445715   0.0000000000   1.0000000000
 110.5010000000  33.7988610293   293.9902311468   0.0000000000   1.0000000000
 110.0010000000  33.6384652975   292.9709860501   0.0000000000   1.0000000000
 109.5010000000  33.4780843539   291.9506017738   0.0000000000   1.0000000000
 109.0010000000  33.3177183983   290.9290724760   0.0000000000   1.0000000000
 108.5010000000  33.1573675548   289.9063917601   0.0000000000   1.0000000000
 108.0010000000  32.9970318309   288.8825524102   0.0000000000   1.0000000000
 107.5010000000  32.8367114210   287.8575483258   0.0000000000   1.0000000000
 107.0010000000  32.6764064046   286.8313725965   0.0000000000   1.0000000000
 106.5010000000  32.5161169201   285.8040186088   0.0000000000   1.0000000000
 106.0010000000  32.3558430794   284.7754795017   0.0000000000   1.0000000000
 105.5010000000  32.1955850124   283.7457484465   0.0000000000   1.0000000000
 105.0010000000  32.0353427829   282.7148181084   0.0000000000   1.0000000000
 104.5010000000  31.8751164751   281.6826811983   0.0000000000   1.0000000000
 104.0010000000  31.7149063618   280.6493315572   0.0000000000   1.0000000000
 103.5010000000  31.5547124433   279.6147611855   0.0000000000   1.0000000000
 103.0010000000  31.3945348693   278.5789629563   0.0000000000   1.0000000000
 102.5010000000  31.2343737712   277.5419295381   0.0000000000   1.0000000000
 102.0010000000  31.0742293057   276.5036536702   0.0000000000   1.0000000000
 101.5010000000  30.9141015725   275.4641276339   0.0000000000   1.0000000000
 101.0010000000  30.7539906993   274.4233437951   0.0000000000   1.0000000000
 100.5010000000  30.5938968013   273.3812943442   0.0000000000   1.0000000000
 100.0010000000  30.4338200639   272.3379718329   0.0000000000   1.0000000000
  99.5010000000  30.2737605410   271.2933678560   0.0000000000   1.0000000000
  99.0010000000  30.1137184403   270.2474749122   0.0000000000   1.0000000000
  98.5010000000  29.9536938813   269.2002848231   0.0000000000   1.0000000000
  98.0010000000  29.7936869782   268.1517892722   0.0000000000   1.0000000000
  97.5010000000  29.6336979213   267.1019803352   0.0000000000   1.0000000000
  97.0010000000  29.4737268577   266.0508497000   0.0000000000   1.0000000000
  96.5010000000  29.3137738939   264.9983886782   0.0000000000   1.0000000000
  96.0010000000  29.1538391769   263.9445887351   0.0000000000   1.0000000000
  95.5010000000  28.9939228945   262.8894414950   0.0000000000   1.0000000000
  95.0010000000  28.8340251596   261.8329379724   0.0000000000   1.0000000000
  94.5010000000  28.6741461295   260.7750693587   0.0000000000   1.0000000000
  94.0010000000  28.5142860071   259.7158270277   0.0000000000   1.0000000000
  93.5010000000  28.3544449256   258.6552017730   0.0000000000   1.0000000000
  93.0010000000  28.1946230286   257.5931843336   0.0000000000   1.0000000000
  92.5010000000  28.0348204717   256.5297654029   0.0000000000   1.0000000000
  92.0010000000  27.8750375005   255.4649361450   0.0000000000   1.0000000000
  91.5010000000  27.7152741844   254.3986864247   0.0000000000   1.0000000000
  91.0010000000  27.5555307630   253.3310071056   0.0000000000   1.0000000000
  90.5010000000  27.3958073429   252.2618880311   0.0000000000   1.0000000000
  90.0010000000  27.2361042022   251.1913200560   0.0000000000   1.0000000000
  89.5010000000  27.0764214164   250.1192925377   0.0000000000   1.0000000000
  89.0010000000  26.9167592356   249.0457958632   0.0000000000   1.0000000000
  88.5010000000  26.7571177875   247.9708194523   0.0000000000   1.0000000000
  88.0010000000  26.5974973027   246.8943532710   0.0000000000   1.0000000000
  87.5010000000  26.4378979316   245.8163865955   0.0000000000   1.0000000000
  87.0010000000  26.2783198947   244.7369090198   0.0000000000   1.0000000000
  86.5010000000  26.1187634101   243.6559099697   0.0000000000   1.0000000000
  86.0010000000  25.9592286602   242.5733784698   0.0000000000   1.0000000000
  85.5010000000  25.7997158308   241.4893034059   0.0000000000   1.0000000000
  85.0010000000  25.6402251135   240.4036735373   0.0000000000   1.0000000000
  84.5010000000  25.4807567081   239.3164775113   0.0000000000   1.0000000000
  84.0010000000  25.3213108961   238.2277043612   0.0000000000   1.0000000000
  83.5010000000  25.1618878294   237.1373420614   0.0000000000   1.0000000000
  83.0010000000  25.0024877469   236.0453790032   0.0000000000   1.0000000000
  82.5010000000  24.8431108705   234.9518032793   0.0000000000   1.0000000000
  82.0010000000  24.6837574432   233.8566029414   0.0000000000   1.0000000000
  81.5010000000  24.5244276271   232.7597652975   0.0000000000   1.0000000000
  81.0010000000  24.3651217159   231.6612783661   0.0000000000   1.0000000000
  80.5010000000  24.2058399629   230.5611296924   0.0000000000   1.0000000000
  80.0010000000  24.0465825166   229.4593058959   0.0000000000   1.0000000000
  79.5010000000  23.8873497328   228.3557948245   0.0000000000   1.0000000000
  79.0010000000  23.7281417665   227.2505827269   0.0000000000   1.0000000000
  78.5010000000  23.5689589172   226.1436566389   0.0000000000   1.0000000000
  78.0010000000  23.4098014611   225.0350032179   0.0000000000   1.0000000000
  77.5010000000  23.2506695888   223.9246082997   0.0000000000   1.0000000000
  77.0010000000  23.0915636430   222.8124585544   0.0000000000   1.0000000000
  76.5010000000  22.9324838543   221.6985396383   0.0000000000   1.0000000000
  76.0010000000  22.7734305127   220.5828373819   0.0000000000   1.0000000000
  75.5010000000  22.6144038386   219.4653368860   0.0000000000   1.0000000000
  75.0010000000  22.4554042166   218.3460241565   0.0000000000   1.0000000000
  74.5010000000  22.2964318719   217.2248838248   0.0000000000   1.0000000000
  74.0010000000  22.1374871040   216.1019007845   0.0000000000   1.0000000000
  73.5010000000  21.9785702249   214.9770597536   0.0000000000   1.0000000000
  73.0010000000  21.8196815637   213.8503452984   0.0000000000   1.0000000000
  72.5010000000  21.6608213752   212.7217411824   0.0000000000   1.0000000000
  72.0010000000  21.5019900047   211.5912315248   0.0000000000   1.0000000000
  71.5010000000  21.3431878273   210.4588003700   0.0000000000   1.0000000000
  71.0010000000  21.1844150653   209.3244303744   0.0000000000   1.0000000000
  70.5010000000  21.0256721388   208.1881053000   0.0000000000   1.0000000000
  70.0010000000  20.8669593568   207.0498078054   0.0000000000   1.0000000000
  69.5010000000  20.7082771099   205.9095208152   0.0000000000   1.0000000000
  69.0010000000  20.5496256907   204.7672262224   0.0000000000   1.0000000000
  68.5010000000  20.3910054841   203.6229062496   0.0000000000   1.0000000000
  68.0010000000  20.2324168503   202.4765425979   0.0000000000   1.0000000000
  67.5010000000  20.0738601915   201.3281169205   0.0000000000   1.0000000000
  67.0010000000  19.9153358971   200.1776104205   0.0000000000   1.0000000000
  66.5010000000  19.7568442914   199.0250034586   0.0000000000   1.0000000000
  66.0010000000  19.5983858783   197.8702773213   0.0000000000   1.0000000000
  65.5010000000  19.4399609907   196.7134116652   0.0000000000   1.0000000000
  65.0010000000  19.2815700943   195.5543867172   0.0000000000   1.0000000000
  64.5010000000  19.1232135591   194.3931815968   0.0000000000   1.0000000000
  64.0010000000  18.9648918428   193.2297756455   0.0000000000   1.0000000000
  63.5010000000  18.8066053811   192.0641476156   0.0000000000   1.0000000000
  63.0010000000  18.6483546533   190.8962761410   0.0000000000   1.0000000000
  62.5010000000  18.4901401331   189.7261393610   0.0000000000   1.0000000000
  62.0010000000  18.3319622404   188.5537145544   0.0000000000   1.0000000000
  61.5010000000  18.1738214640   187.3789790302   0.0000000000   1.0000000000
  61.0010000000  18.0157183407   186.2019099646   0.0000000000   1.0000000000
