 eps (GeV/fm^3)   P (GeV/fm^3)      s (fm^-3)    n_b (fm^-3)
   0.0003891865   0.0000809740    0.0094032096   0.0000000000
   0.0004326192   0.0000908028    0.0102631781   0.0000000000
   0.0004796510   0.0001015181    0.0111763293   0.0000000000
   0.0005304935   0.0001131739    0.0121446686   0.0000000000
   0.0005853683   0.0001258265    0.0131702745   0.0000000000
   0.0006445075   0.0001395343    0.0142553049   0.0000000000
   0.0007081545   0.0001543577    0.0154020023   0.0000000000
   0.0007765643   0.0001703596    0.0166127000   0.0000000000
   0.0008500049   0.0001876052    0.0178898288   0.0000000000
   0.0009287572   0.0002061622    0.0192359226   0.0000000000
   0.0010131166   0.0002261009    0.0206536257   0.0000000000
   0.0011033934   0.0002474943    0.0221456996   0.0000000000
   0.0011999138   0.0002704181    0.0237150297   0.0000000000
   0.0013030208   0.0002949511    0.0253646332   0.0000000000
   0.0014130755   0.0003211752    0.0270976666   0.0000000000
   0.0015304579   0.0003491753    0.0289174337   0.0000000000
   0.0016555679   0.0003790401    0.0308273943   0.0000000000
   0.0017888272   0.0004108614    0.0328311724   0.0000000000
   0.0019306795   0.0004447350    0.0349325660   0.0000000000
   0.0020815930   0.0004807604    0.0371355558   0.0000000000
   0.0022420608   0.0005190413    0.0394443162   0.0000000000
   0.0024126032   0.0005596857    0.0418632240   0.0000000000
   0.0025937687   0.0006028060    0.0443968711   0.0000000000
   0.0027861361   0.0006485193    0.0470500746   0.0000000000
   0.0029903161   0.0006969477    0.0498278888   0.0000000000
   0.0032069529   0.0007482184    0.0527356176   0.0000000000
   0.0034367268   0.0008024641    0.0557788275   0.0000000000
   0.0036803556   0.0008598232    0.0589633608   0.0000000000
   0.0039385973   0.0009204400    0.0622953496   0.0000000000
   0.0042122521   0.0009844652    0.0657812306   0.0000000000
   0.0045021648   0.0010520560    0.0694277603   0.0000000000
   0.0048092279   0.0011233766    0.0732420304   0.0000000000
   0.0051343833   0.0011985984    0.0772314851   0.0000000000
   0.0054786263   0.0012779006    0.0814039377   0.0000000000
   0.0058430074   0.0013614700    0.0857675889   0.0000000000
   0.0062286365   0.0014495023    0.0903310452   0.0000000000
   0.0066366854   0.0015422017    0.0951033385   0.0000000000
   0.0070683916   0.0016397818    0.1000939463   0.0000000000
   0.0075250618   0.0017424657    0.1053128122   0.0000000000
   0.0080080758   0.0018504870    0.1107703683   0.0000000000
   0.0085188905   0.0019640896    0.1164775573   0.0000000000
   0.0090590438   0.0020835291    0.1224458559   0.0000000000
   0.0096301591   0.0022090724    0.1286872990   0.0000000000
   0.0102339500   0.0023409989    0.1352145050   0.0000000000
   0.0108722249   0.0024796010    0.1420407013   0.0000000000
   0.0115468918   0.0026251846    0.1491797512   0.0000000000
   0.0122599638   0.0027780697    0.1566461815   0.0000000000
   0.0130135643   0.0029385912    0.1644552110   0.0000000000
   0.0138099328   0.0031070996    0.1726227799   0.0000000000
   0.0146514306   0.0032839618    0.1811655796   0.0000000000
   0.0155405468   0.0034695616    0.1901010841   0.0000000000
   0.0164799049   0.0036643009    0.1994475820   0.0000000000
   0.0174722692   0.0038686001    0.2092242089   0.0000000000
   0.0185205517   0.0040828994    0.2194509812   0.0000000000
   0.0196278193   0.0043076591    0.2301488305   0.0000000000
   0.0207973008   0.0045433613    0.2413396390   0.0000000000
   0.0220323949   0.0047905103    0.2530462752   0.0000000000
   0.0233366777   0.0050496338    0.2652926309   0.0000000000
   0.0247139114   0.0053212838    0.2781036591   0.0000000000
   0.0261680519   0.0056060380    0.2915054118   0.0000000000
   0.0277032582   0.0059045005    0.3055250794   0.0000000000
   0.0293239009   0.0062173035    0.3201910305   0.0000000000
   0.0310345716   0.0065451079    0.3355328523   0.0000000000
   0.0328400925   0.0068886048    0.3515813914   0.0000000000
   0.0347455258   0.0072485169    0.3683687959   0.0000000000
   0.0367561844   0.0076255998    0.3859285578   0.0000000000
   0.0388776413   0.0080206431    0.4042955551   0.0000000000
   0.0411157412   0.0084344720    0.4235060959   0.0000000000
   0.0434766105   0.0088679490    0.4435979623   0.0000000000
   0.0459666692   0.0093219748    0.4646104538   0.0000000000
   0.0485926416   0.0097974904    0.4865844331   0.0000000000
   0.0513615686   0.0102954783    0.5095623706   0.0000000000
   0.0542808191   0.0108169644    0.5335883897   0.0000000000
   0.0573581028   0.0113630197    0.5587083130   0.0000000000
   0.0606014823   0.0119347615    0.5849697078   0.0000000000
   0.0640193856   0.0125333560    0.6124219326   0.0000000000
   0.0676206197   0.0131600193    0.6411161831   0.0000000000
   0.0714143835   0.0138160200    0.6711055393   0.0000000000
   0.0754102810   0.0145026804    0.7024450111   0.0000000000
   0.0796183356   0.0152213790    0.7351915860   0.0000000000
   0.0840490035   0.0159735522    0.7694042746   0.0000000000
   0.0887131882   0.0167606966    0.8051441583   0.0000000000
   0.0936222548   0.0175843706    0.8424744347   0.0000000000
   0.0987880445   0.0184461973    0.8814604647   0.0000000000
   0.1042228897   0.0193478659    0.9221698184   0.0000000000
   0.1099396288   0.0202911346    0.9646723211   0.0000000000
   0.1159516212   0.0212778323    1.0090400990   0.0000000000
   0.1222727632   0.0223098613    1.0553476244   0.0000000000
   0.1289175034   0.0233891997    1.1036717613   0.0000000000
   0.1359008582   0.0245179034    1.1540918100   0.0000000000
   0.1432384280   0.0256981091    1.2066895510   0.0000000000
   0.1509464133   0.0269320364    1.2615492889   0.0000000000
   0.1590416307   0.0282219906    1.3187578963   0.0000000000
   0.1675415295   0.0295703649    1.3784048564   0.0000000000
   0.1764642082   0.0309796437    1.4405823048   0.0000000000
   0.1858284309   0.0324524046    1.5053850720   0.0000000000
   0.1956536443   0.0339913214    1.5729107237   0.0000000000
   0.2059599945   0.0355991670    1.6432596018   0.0000000000
   0.2167683439   0.0372788160    1.7165348640   0.0000000000
   0.2281002884   0.0390332474    1.7928425221   0.0000000000
   0.2399781742   0.0408655480    1.8722914814   0.0000000000
   0.2524251155   0.0427789147    1.9549935774   0.0000000000
   0.2654650114   0.0447766577    2.0410636125   0.0000000000
   0.2791225633   0.0468622037    2.1306193922   0.0000000000
   0.2934232924   0.0490390986    2.2237817598   0.0000000000
   0.3083935571   0.0513110106    2.3206746304   0.0000000000
   0.3240605703   0.0536817335    2.4214250245   0.0000000000
   0.3404524169   0.0561551898    2.5261631000   0.0000000000
   0.3575980717   0.0587354333    2.6350221836   0.0000000000
   0.3755274163   0.0614266532    2.7481388013   0.0000000000
   0.3942712567   0.0642331765    2.8656527079   0.0000000000
   0.4138613415   0.0671594719    2.9877069151   0.0000000000
   0.4343303781   0.0702101524    3.1144477191   0.0000000000
   0.4557120514   0.0733899792    3.2460247276   0.0000000000
   0.4780410403   0.0767038647    3.3825908842   0.0000000000
   0.5013530355   0.0801568760    3.5243024938   0.0000000000
   0.5256847568   0.0837542379    3.6713192452   0.0000000000
   0.5510739700   0.0875013370    3.8238042338   0.0000000000
   0.5775595046   0.0914037244    3.9819239827   0.0000000000
   0.6051812705   0.0954671197    4.1458484629   0.0000000000
   0.6339802752   0.0996974139    4.3157511123   0.0000000000
   0.6639986407   0.1041006734    4.4918088542   0.0000000000
   0.6952795519   0.1086831432    4.6742017159   0.0000000000
   0.7278473529   0.1134512165    4.8629975115   0.0000000000
   0.7616776997   0.1184112010    5.0579821879   0.0000000000
   0.7967408045   0.1235691631    5.2589141010   0.0000000000
   0.8330091313   0.1289309365    5.4655685671   0.0000000000
   0.8704572649   0.1345021380    5.6777367397   0.0000000000
   0.9090617896   0.1402881831    5.8952245655   0.0000000000
   0.9488011739   0.1462943001    6.1178518103   0.0000000000
   0.9896556636   0.1525255439    6.3454511527   0.0000000000
   1.0316071804   0.1589868079    6.5778673387   0.0000000000
   1.0746392276   0.1656828361    6.8149563940   0.0000000000
   1.1187368009   0.1726182338    7.0565848891   0.0000000000
   1.1638863051   0.1797974777    7.3026292544   0.0000000000
   1.2100754750   0.1872249260    7.5529751405   0.0000000000
   1.2572933024   0.1949048265    7.8075168222   0.0000000000
   1.3055299663   0.2028413256    8.0661566412   0.0000000000
   1.3547767677   0.2110384758    8.3288044866   0.0000000000
   1.4050260685   0.2195002428    8.5953773089   0.0000000000
   1.4562712336   0.2282305131    8.8657986673   0.0000000000
   1.5085065767   0.2372330995    9.1399983052   0.0000000000
   1.5617273093   0.2465117476    9.4179117549   0.0000000000
   1.6159294925   0.2560701413    9.6994799676   0.0000000000
   1.6711099918   0.2659119078    9.9846489667   0.0000000000
   1.7272664345   0.2760406230   10.2733695254   0.0000000000
   1.7843971695   0.2864598157   10.5655968632   0.0000000000
   1.8425012296   0.2971729721   10.8612903635   0.0000000000
   1.9015782956   0.3081835395   11.1604133088   0.0000000000
   1.9616286631   0.3194949308   11.4629326325   0.0000000000
   2.0226532105   0.3311105270   11.7688186875   0.0000000000
   2.0846533693   0.3430336815   12.0780450288   0.0000000000
   2.1476310959   0.3552677227   12.3905882104   0.0000000000
   2.2115888451   0.3678159567   12.7064275950   0.0000000000
   2.2765295452   0.3806816706   13.0255451754   0.0000000000
   2.3424565741   0.3938681345   13.3479254082   0.0000000000
   2.4093737372   0.4073786045   13.6735550567   0.0000000000
   2.4772852462   0.4212163241   14.0024230447   0.0000000000
   2.5461956994   0.4353845270   14.3345203191   0.0000000000
   2.6161100629   0.4498864387   14.6698397209   0.0000000000
   2.6870336530   0.4647252786   15.0083758651   0.0000000000
   2.7589721192   0.4799042615   15.3501250270   0.0000000000
   2.8319314287   0.4954265990   15.6950850364   0.0000000000
   2.9059178514   0.5112955016   16.0432551781   0.0000000000
   2.9809379456   0.5275141796   16.3946360987   0.0000000000
   3.0569985450   0.5440858446   16.7492297192   0.0000000000
   3.1341067460   0.5610137109   17.1070391526   0.0000000000
   3.2122698959   0.5783009963   17.4680686274   0.0000000000
   3.2914955812   0.5959509233   17.8323234151   0.0000000000
   3.3717916177   0.6139667203   18.1998097625   0.0000000000
   3.4531660398   0.6323516224   18.5705348283   0.0000000000
   3.5356270916   0.6511088722   18.9445066234   0.0000000000
   3.6191832172   0.6702417208   19.3217339549   0.0000000000
   3.7038430529   0.6897534284   19.7022263737   0.0000000000
   3.7896154187   0.7096472653   20.0859941251   0.0000000000
   3.8765093110   0.7299265121   20.4730481025   0.0000000000
   3.9645338951   0.7505944607   20.8633998044   0.0000000000
   4.0536984986   0.7716544150   21.2570612933   0.0000000000
   4.1440126051   0.7931096908   21.6540451574   0.0000000000
   4.2354858477   0.8149636171   22.0543644751   0.0000000000
   4.3281280036   0.8372195361   22.4580327812   0.0000000000
   4.4219489885   0.8598808036   22.8650640352   0.0000000000
   4.5169588513   0.8829507899   23.2754725916   0.0000000000
   4.6131677697   0.9064328795   23.6892731723   0.0000000000
   4.7105860447   0.9303304719   24.1064808404   0.0000000000
   4.8092240973   0.9546469820   24.5271109756   0.0000000000
   4.9090924634   0.9793858399   24.9511792513   0.0000000000
   5.0102017905   1.0045504918   25.3787016132   0.0000000000
   5.1125628337   1.0301443999   25.8096942587   0.0000000000
   5.2161864521   1.0561710426   26.2441736181   0.0000000000
   5.3210836059   1.0826339149   26.6821563369   0.0000000000
   5.4272653528   1.1095365287   27.1236592592   0.0000000000
   5.5347428451   1.1368824125   27.5686994115   0.0000000000
   5.6435273269   1.1646751123   28.0172939887   0.0000000000
   5.7536301318   1.1929181911   28.4694603399   0.0000000000
   5.8650626798   1.2216152294   28.9252159558   0.0000000000
   5.9778364749   1.2507698253   29.3845784562   0.0000000000
   6.0919631036   1.2803855945   29.8475655793   0.0000000000
   6.2074542316   1.3104661706   30.3141951704   0.0000000000
   6.3243216030   1.3410152050   30.7844851726   0.0000000000
   6.4425770372   1.3720363671   31.2584536171   0.0000000000
   6.5622324278   1.4035333444   31.7361186146   0.0000000000
   6.6832997410   1.4355098426   32.2174983474   0.0000000000
   6.8057910131   1.4679695854   32.7026110613   0.0000000000
   6.9297183499   1.5009163151   33.1914750591   0.0000000000
   7.0550939247   1.5343537921   33.6841086933   0.0000000000
   7.1819299771   1.5682857952   34.1805303605   0.0000000000
   7.3102388116   1.6027161216   34.6807584951   0.0000000000
   7.4400327964   1.6376485872   35.1848115643   0.0000000000
   7.5713243623   1.6730870259   35.6927080627   0.0000000000
   7.7041260014   1.7090352906   36.2044665079   0.0000000000
   7.8384502663   1.7454972524   36.7201054357   0.0000000000
   7.9743097688   1.7824768011   37.2396433967   0.0000000000
   8.1117171792   1.8199778451   37.7630989517   0.0000000000
   8.2506852254   1.8580043111   38.2904906687   0.0000000000
   8.3912266920   1.8965601447   38.8218371194   0.0000000000
   8.5333544194   1.9356493098   39.3571568765   0.0000000000
   8.6770813032   1.9752757890   39.8964685102   0.0000000000
   8.8224202935   2.0154435836   40.4397905863   0.0000000000
   8.9693843942   2.0561567132   40.9871416632   0.0000000000
   9.1179866622   2.0974192161   41.5385402901   0.0000000000
   9.2682402071   2.1392351492   42.0940050047   0.0000000000
   9.4201581905   2.1816085877   42.6535543313   0.0000000000
   9.5737538252   2.2245436255   43.2172067793   0.0000000000
   9.7290403754   2.2680443751   43.7849808411   0.0000000000
   9.8860311553   2.3121149672   44.3568949911   0.0000000000
  10.0447395296   2.3567595513   44.9329676841   0.0000000000
  10.2051789122   2.4019822949   45.5132173542   0.0000000000
  10.3673627665   2.4477873844   46.0976624135   0.0000000000
  10.5313046048   2.4941790244   46.6863212513   0.0000000000
  10.6970179876   2.5411614377   47.2792122329   0.0000000000
  10.8645165238   2.5887388656   47.8763536992   0.0000000000
  11.0338138703   2.6369155680   48.4777639654   0.0000000000
  11.2049237312   2.6856958226   49.0834613208   0.0000000000
  11.3778598582   2.7350839257   49.6934640279   0.0000000000
  11.5526360500   2.7850841919   50.3077903222   0.0000000000
  11.7292661520   2.8357009537   50.9264584114   0.0000000000
  11.9077640564   2.8869385620   51.5494864752   0.0000000000
  12.0881437015   2.9388013860   52.1768926649   0.0000000000
  12.2704190720   2.9912938128   52.8086951030   0.0000000000
  12.4546041986   3.0444202476   53.4449118834   0.0000000000
  12.6407131576   3.0981851140   54.0855610707   0.0000000000
  12.8287600712   3.1525928533   54.7306607001   0.0000000000
  13.0187591070   3.2076479249   55.3802287778   0.0000000000
  13.2107244781   3.2633548063   56.0342832802   0.0000000000
  13.4046704427   3.3197179929   56.6928421546   0.0000000000
  13.6006113043   3.3767419980   57.3559233185   0.0000000000
  13.7985614112   3.4344313529   58.0235446603   0.0000000000
  13.9985351568   3.4927906067   58.6957240386   0.0000000000
  14.2005469793   3.5518243263   59.3724792831   0.0000000000
  14.4046113617   3.6115370965   60.0538281940   0.0000000000
  14.6107428315   3.6719335198   60.7397885426   0.0000000000
  14.8189559609   3.7330182166   61.4303780712   0.0000000000
  15.0292653666   3.7947958249   62.1256144934   0.0000000000
  15.2416857097   3.8572710005   62.8255154940   0.0000000000
  15.4562316959   3.9204484167   63.5300987298   0.0000000000
  15.6729180751   3.9843327646   64.2393818290   0.0000000000
  15.8917596416   4.0489287528   64.9533823921   0.0000000000
  16.1127712338   4.1142411077   65.6721179919   0.0000000000
  16.3359677346   4.1802745730   66.3956061735   0.0000000000
  16.5613640710   4.2470339101   67.1238644551   0.0000000000
  16.7889752142   4.3145238978   67.8569103277   0.0000000000
  17.0188161794   4.3827493324   68.5947612558   0.0000000000
  17.2509020262   4.4517150278   69.3374346773   0.0000000000
  17.4852478583   4.5214258151   70.0849480042   0.0000000000
  17.7218688233   4.5918865429   70.8373186227   0.0000000000
  17.9607801131   4.6631020772   71.5945638932   0.0000000000
  18.2019969636   4.7350773013   72.3567011513   0.0000000000
  18.4455346550   4.8078171159   73.1237477073   0.0000000000
  18.6914085113   4.8813264389   73.8957208472   0.0000000000
  18.9396339008   4.9556102056   74.6726378326   0.0000000000
  19.1902262359   5.0306733683   75.4545159010   0.0000000000
  19.4432009730   5.1065208968   76.2413722664   0.0000000000
  19.6985736126   5.1831577780   77.0332241195   0.0000000000
  19.9563596995   5.2605890159   77.8300886278   0.0000000000
  20.2165748224   5.3388196318   78.6319829362   0.0000000000
  20.4792346144   5.4178546641   79.4389241672   0.0000000000
  20.7443547525   5.4976991682   80.2509294211   0.0000000000
  21.0119509581   5.5783582167   81.0680157765   0.0000000000
  21.2820389965   5.6598368991   81.8902002908   0.0000000000
  21.5546346776   5.7421403223   82.7174999998   0.0000000000
  21.8297538553   5.8252736099   83.5499319189   0.0000000000
  22.1074124276   5.9092419025   84.3875130427   0.0000000000
  22.3876263371   5.9940503580   85.2302603457   0.0000000000
  22.6704115704   6.0797041509   86.0781907826   0.0000000000
  22.9557841587   6.1662084729   86.9313212883   0.0000000000
  23.2437601771   6.2535685325   87.7896687786   0.0000000000
  23.5343557455   6.3417895551   88.6532501502   0.0000000000
  23.8275870279   6.4308767831   89.5220822811   0.0000000000
  24.1234702329   6.5208354756   90.3961820310   0.0000000000
  24.4220216134   6.6116709086   91.2755662413   0.0000000000
  24.7232574668   6.7033883751   92.1602517359   0.0000000000
  25.0271941349   6.7959931848   93.0502553208   0.0000000000
  25.3338480042   6.8894906641   93.9455937851   0.0000000000
  25.6432355056   6.9838861562   94.8462839006   0.0000000000
  25.9553731144   7.0791850213   95.7523424226   0.0000000000
  26.2702773510   7.1753926361   96.6637860899   0.0000000000
  26.5879647798   7.2725143941   97.5806316253   0.0000000000
  26.9084520104   7.3705557056   98.5028957355   0.0000000000
  27.2317556966   7.4695219974   99.4305951117   0.0000000000
  27.5578925373   7.5694187131  100.3637464297   0.0000000000
  27.8868792758   7.6702513131  101.3023663502   0.0000000000
  28.2187327005   7.7720252742  102.2464715192   0.0000000000
  28.5534696443   7.8747460901  103.1960785677   0.0000000000
  28.8911069851   7.9784192709  104.1512041128   0.0000000000
  29.2316616455   8.0830503434  105.1118647572   0.0000000000
  29.5751505930   8.1886448509  106.0780770898   0.0000000000
  29.9215908402   8.2952083536  107.0498576859   0.0000000000
  30.2709994445   8.4027464279  108.0272231073   0.0000000000
  30.6233935081   8.5112646670  109.0101899026   0.0000000000
  30.9787901784   8.6207686804  109.9987746077   0.0000000000
  31.3372066478   8.7312640943  110.9929937455   0.0000000000
  31.6986601537   8.8427565515  111.9928638265   0.0000000000
  32.0631679785   8.9552517111  112.9984013489   0.0000000000
  32.4307474499   9.0687552488  114.0096227986   0.0000000000
  32.8014159404   9.1832728568  115.0265446501   0.0000000000
  33.1751908681   9.2988102438  116.0491833657   0.0000000000
  33.5520896959   9.4153731347  117.0775553966   0.0000000000
  33.9321299320   9.5329672711  118.1116771826   0.0000000000
  34.3153291301   9.6515984111  119.1515651523   0.0000000000
  34.7017048888   9.7712723290  120.1972357237   0.0000000000
  35.0912748522   9.8919948156  121.2487053038   0.0000000000
  35.4840567096  10.0137716781  122.3059902894   0.0000000000
  35.8800681958  10.1366087401  123.3691070667   0.0000000000
  36.2793270908  10.2605118416  124.4380720118   0.0000000000
  36.6818512202  10.3854868389  125.5129014911   0.0000000000
  37.0876584548  10.5115396049  126.5936118608   0.0000000000
  37.4967667110  10.6386760284  127.6802194678   0.0000000000
  37.9091939505  10.7669020150  128.7727406494   0.0000000000
  38.3249581807  10.8962234863  129.8711917337   0.0000000000
  38.7440774545  11.0266463805  130.9755890394   0.0000000000
  39.1665698701  11.1581766519  132.0859488767   0.0000000000
  39.5924535716  11.2908202712  133.2022875467   0.0000000000
  40.0217467485  11.4245832254  134.3246213417   0.0000000000
  40.4544676359  11.5594715177  135.4529665459   0.0000000000
  40.8906345147  11.6954911677  136.5873394348   0.0000000000
  41.3302657112  11.8326482112  137.7277562758   0.0000000000
  41.7733795977  11.9709487003  138.8742333283   0.0000000000
  42.2199945920  12.1103987034  140.0267868438   0.0000000000
  42.6701291577  12.2510043049  141.1854330658   0.0000000000
  43.1238018041  12.3927716058  142.3501882305   0.0000000000
  43.5810310863  12.5357067231  143.5210685662   0.0000000000
  44.0418356052  12.6798157901  144.6980902940   0.0000000000
  44.5062340075  12.8251049562  145.8812696279   0.0000000000
  44.9742449859  12.9715803873  147.0706227746   0.0000000000
  45.4458872787  13.1192482651  148.2661659338   0.0000000000
  45.9211796703  13.2681147879  149.4679152984   0.0000000000
  46.4001409907  13.4181861699  150.6758870544   0.0000000000
  46.8827901162  13.5694686415  151.8900973813   0.0000000000
  47.3691459689  13.7219684495  153.1105624521   0.0000000000
  47.8592275166  13.8756918567  154.3372984333   0.0000000000
  48.3530537734  14.0306451421  155.5703214851   0.0000000000
  48.8506437994  14.1868346008  156.8096477616   0.0000000000
  49.3520167005  14.3442665441  158.0552934107   0.0000000000
  49.8571916287  14.5029472994  159.3072745745   0.0000000000
  50.3661877822  14.6628832104  160.5656073891   0.0000000000
  50.8790244050  14.8240806368  161.8303079848   0.0000000000
  51.3957207876  14.9865459544  163.1013924864   0.0000000000
  51.9162962662  15.1502855551  164.3788770130   0.0000000000
  52.4407702233  15.3153058471  165.6627776783   0.0000000000
  52.9691620875  15.4816132546  166.9531105905   0.0000000000
  53.5014913337  15.6492142177  168.2498918527   0.0000000000
  54.0377774828  15.8181151931  169.5531375627   0.0000000000
  54.5780401018  15.9883226530  170.8628638133   0.0000000000
  55.1222988043  16.1598430862  172.1790866921   0.0000000000
  55.6705732497  16.3326829973  173.5018222820   0.0000000000
  56.2228831439  16.5068489071  174.8310866610   0.0000000000
  56.7792482389  16.6823473523  176.1668959021   0.0000000000
  57.3396883331  16.8591848859  177.5092660741   0.0000000000
  57.9042232711  17.0373680768  178.8582132407   0.0000000000
  58.4728729438  17.2169035100  180.2137534615   0.0000000000
  59.0456572885  17.3977977867  181.5759027915   0.0000000000
  59.6225962887  17.5800575240  182.9446772812   0.0000000000
  60.2037099743  17.7636893550  184.3200929771   0.0000000000
  60.7890184216  17.9486999290  185.7021659214   0.0000000000
  61.3785417533  18.1350959113  187.0909121519   0.0000000000
  61.9723001383  18.3228839831  188.4863477028   0.0000000000
  62.5703137921  18.5120708418  189.8884886039   0.0000000000
  63.1726029764  18.7026632008  191.2973508813   0.0000000000
  63.7791879996  18.8946677894  192.7129505572   0.0000000000
  64.3900892164  19.0880913530  194.1353036498   0.0000000000
  65.0053270279  19.2829406531  195.5644261740   0.0000000000
  65.6249218816  19.4792224672  197.0003341407   0.0000000000
  66.2488942717  19.6769435886  198.4430435572   0.0000000000
  66.8772647387  19.8761108268  199.8925704274   0.0000000000
  67.5100538698  20.0767310073  201.3489307517   0.0000000000
  68.1472822984  20.2788109714  202.8121405271   0.0000000000
  68.7889707047  20.4823575768  204.2822157470   0.0000000000
  69.4351398153  20.6873776967  205.7591724018   0.0000000000
  70.0858104034  20.8938782207  207.2430264786   0.0000000000
  70.7410032887  21.1018660542  208.7337939610   0.0000000000
  71.4007393376  21.3113481185  210.2314908299   0.0000000000
  72.0650394628  21.5223313510  211.7361330629   0.0000000000
  72.7339246240  21.7348227050  213.2477366344   0.0000000000
  73.4074158272  21.9488291500  214.7663175162   0.0000000000
  74.0855341250  22.1643576711  216.2918916767   0.0000000000
  74.7683006168  22.3814152698  217.8244750819   0.0000000000
  75.4557364484  22.6000089630  219.3640836946   0.0000000000
  76.1478628126  22.8201457842  220.9107334750   0.0000000000
  76.8447009485  23.0418327824  222.4644403805   0.0000000000
  77.5462721419  23.2650770227  224.0252203657   0.0000000000
  78.2525977255  23.4898855861  225.5930893828   0.0000000000
  78.9636990785  23.7162655698  227.1680633812   0.0000000000
  79.6795976269  23.9442240865  228.7501583077   0.0000000000
  80.4003148431  24.1737682653  230.3393901068   0.0000000000
  81.1258722467  24.4049052510  231.9357747202   0.0000000000
  81.8562914036  24.6376422043  233.5393280876   0.0000000000
  82.5915939266  24.8719863021  235.1500661458   0.0000000000
  83.3318014752  25.1079447368  236.7680048297   0.0000000000
  84.0769357556  25.3455247173  238.3931600716   0.0000000000
  84.8270185209  25.5847334678  240.0255478015   0.0000000000
  85.5820715707  25.8255782290  241.6651839474   0.0000000000
  86.3421167517  26.0680662572  243.3120844349   0.0000000000
  87.1071759572  26.3122048246  244.9662651874   0.0000000000
  87.8772711271  26.5580012196  246.6277421264   0.0000000000
  88.6524242483  26.8054627462  248.2965311711   0.0000000000
  89.4326573546  27.0545967246  249.9726482387   0.0000000000
  90.2179925264  27.3054104907  251.6561092443   0.0000000000
  91.0084518909  27.5579113964  253.3469301011   0.0000000000
  91.8040576223  27.8121068095  255.0451267202   0.0000000000
  92.6048319415  28.0680041137  256.7507150111   0.0000000000
  93.4107971162  28.3256107087  258.4637108810   0.0000000000
  94.2219754612  28.5849340100  260.1841302354   0.0000000000
  95.0383893377  28.8459814490  261.9119889781   0.0000000000
  95.8600611541  29.1087604730  263.6473030108   0.0000000000
  96.6870133656  29.3732785454  265.3900882336   0.0000000000
  97.5192684742  29.6395431452  267.1403605449   0.0000000000
  98.3568490288  29.9075617675  268.8981358412   0.0000000000
  99.1997776252  30.1773419232  270.6634300175   0.0000000000
 100.0480769061  30.4488911391  272.4362589670   0.0000000000
 100.9017695611  30.7222169580  274.2166385814   0.0000000000
 101.7608783265  30.9973269384  276.0045847505   0.0000000000
 102.6254259859  31.2742286550  277.8001133628   0.0000000000
 103.4954353694  31.5529296980  279.6032403051   0.0000000000
 104.3709293543  31.8334376737  281.4139814627   0.0000000000
 105.2519308647  32.1157602042  283.2323527195   0.0000000000
 106.1384628717  32.3999049278  285.0583699577   0.0000000000
 107.0305483932  32.6858794981  286.8920490581   0.0000000000
 107.9282104942  32.9736915851  288.7334059002   0.0000000000
 108.8314722865  33.2633488745  290.5824563619   0.0000000000
 109.7403569290  33.5548590677  292.4392163198   0.0000000000
 110.6548876275  33.8482298822  294.3037016491   0.0000000000
 111.5750876346  34.1434690514  296.1759282236   0.0000000000
 112.5009802502  34.4405843244  298.0559119160   0.0000000000
 113.4325888209  34.7395834662  299.9436685973   0.0000000000
 114.3699367402  35.0404742579  301.8392141376   0.0000000000
 115.3130474490  35.3432644961  303.7425644054   0.0000000000
 116.2619444348  35.6479619935  305.6537352682   0.0000000000
 117.2166512321  35.9545745788  307.5727425922   0.0000000000
 118.1771914228  36.2631100962  309.4996022423   0.0000000000
 119.1435886352  36.5735764060  311.4343300823   0.0000000000
 120.1158665451  36.8859813843  313.3769419749   0.0000000000
 121.0940488751  37.2003329232  315.3274537815   0.0000000000
 122.0781593948  37.5166389305  317.2858813623   0.0000000000
 123.0682219208  37.8349073298  319.2522405767   0.0000000000
 124.0642603170  38.1551460608  321.2265472827   0.0000000000
 125.0662984938  38.4773630788  323.2088173373   0.0000000000
 126.0743604092  38.8015663552  325.1990665965   0.0000000000
 127.0884700679  39.1277638771  327.1973109152   0.0000000000
 128.1086515216  39.4559636474  329.2035661472   0.0000000000
 129.1349288693  39.7861736849  331.2178481455   0.0000000000
 130.1673262568  40.1184020245  333.2401727618   0.0000000000
 131.2058678771  40.4526567166  335.2705558470   0.0000000000
 132.2505779702  40.7889458276  337.3090132511   0.0000000000
 133.3014808231  41.1272774398  339.3555608229   0.0000000000
 134.3586007701  41.4676596513  341.4102144104   0.0000000000
 135.4219621922  41.8101005760  343.4729898608   0.0000000000
 136.4915895178  42.1546083436  345.5439030202   0.0000000000
 137.5675072222  42.5011910998  347.6229697337   0.0000000000
 138.6497398278  42.8498570062  349.7102058459   0.0000000000
 139.7383119041  43.2006142400  351.8056272002   0.0000000000
 140.8332480677  43.5534709943  353.9092496392   0.0000000000
 141.9345729823  43.9084354782  356.0210890048   0.0000000000
 143.0423113585  44.2655159166  358.1411611378   0.0000000000
 144.1564879543  44.6247205500  360.2694818786   0.0000000000
 145.2771275747  44.9860576351  362.4060670663   0.0000000000
 146.4042550715  45.3495354442  364.5509325395   0.0000000000
 147.5378953441  45.7151622656  366.7040941360   0.0000000000
 148.6780733386  46.0829464032  368.8655676928   0.0000000000
 149.8248140485  46.4528961769  371.0353690461   0.0000000000
 150.9781425141  46.8250199225  373.2135140313   0.0000000000
 152.1380838232  47.1993259914  375.4000184833   0.0000000000
 153.3046631104  47.5758227512  377.5948982360   0.0000000000
 154.4779055575  47.9545185850  379.7981691228   0.0000000000
 155.6578363935  48.3354218918  382.0098469762   0.0000000000
 156.8444808945  48.7185410865  384.2299476281   0.0000000000
 158.0378643837  49.1038845999  386.4584869098   0.0000000000
 159.2380122315  49.4914608785  388.6954806517   0.0000000000
 160.4449498553  49.8812783846  390.9409446839   0.0000000000
 161.6587027198  50.2733455966  393.1948948355   0.0000000000
 162.8792963366  50.6676710083  395.4573469350   0.0000000000
 164.1067562648  51.0642631297  397.7283168105   0.0000000000
 165.3411081104  51.4631304864  400.0078202893   0.0000000000
 166.5823775265  51.8642816201  402.2958731981   0.0000000000
 167.8305902135  52.2677250879  404.5924913630   0.0000000000
 169.0857719190  52.6734694632  406.8976906094   0.0000000000
 170.3479484375  53.0815233348  409.2114867624   0.0000000000
 171.6171456108  53.4918953076  411.5338956462   0.0000000000
 172.8933893281  53.9045940023  413.8649330846   0.0000000000
 174.1767055253  54.3196280552  416.2046149008   0.0000000000
 175.4671201858  54.7370061188  418.5529569175   0.0000000000
 176.7646593401  55.1567368611  420.9099749567   0.0000000000
 178.0693490658  55.5788289660  423.2756848401   0.0000000000
 179.3812154876  56.0032911333  425.6501023886   0.0000000000
 180.7002847776  56.4301320786  428.0332434228   0.0000000000
 182.0265831550  56.8593605333  430.4251237626   0.0000000000
 183.3601368860  57.2909852445  432.8257592276   0.0000000000
 184.7009722843  57.7250149754  435.2351656367   0.0000000000
 186.0491157104  58.1614585047  437.6533588083   0.0000000000
 187.4045935722  58.6003246272  440.0803545606   0.0000000000
 188.7674323249  59.0416221533  442.5161687110   0.0000000000
 190.1376584706  59.4853599093  444.9608170766   0.0000000000
 191.5152985589  59.9315467374  447.4143154739   0.0000000000
 192.9003791863  60.3801914956  449.8766797191   0.0000000000
 194.2929269966  60.8313030574  452.3479256278   0.0000000000
 195.6929686810  61.2848903126  454.8280690153   0.0000000000
 197.1005309776  61.7409621666  457.3171256964   0.0000000000
 198.5156406718  62.1995275404  459.8151114853   0.0000000000
 199.9383245962  62.6605953712  462.3220421961   0.0000000000
 201.3686096308  63.1241746117  464.8379336423   0.0000000000
 202.8065227024  63.5902742306  467.3628016369   0.0000000000
 204.2520907853  64.0589032124  469.8966619925   0.0000000000
 205.7053409010  64.5300705574  472.4395305216   0.0000000000
 207.1663001181  65.0037852815  474.9914230359   0.0000000000
 208.6349955525  65.4800564167  477.5523553470   0.0000000000
 210.1114543672  65.9588930107  480.1223432658   0.0000000000
 211.5957037725  66.4403041270  482.7014026033   0.0000000000
 213.0877710259  66.9242988450  485.2895491697   0.0000000000
 214.5876834322  67.4108862597  487.8867987749   0.0000000000
 216.0954683432  67.9000754822  490.4931672286   0.0000000000
 217.6111531582  68.3918756391  493.1086703400   0.0000000000
 219.1347653234  68.8862958730  495.7333239181   0.0000000000
 220.6663323326  69.3833453423  498.3671437713   0.0000000000
 222.2058817264  69.8830332212  501.0101457078   0.0000000000
 223.7534410931  70.3853686997  503.6623455356   0.0000000000
 225.3090380678  70.8903609835  506.3237590621   0.0000000000
 226.8727003330  71.3980192943  508.9944020945   0.0000000000
 228.4444556186  71.9083528695  511.6742904396   0.0000000000
 230.0243317014  72.4213709622  514.3634399041   0.0000000000
 231.6123564056  72.9370828416  517.0618662942   0.0000000000
 233.2085576028  73.4554977924  519.7695854156   0.0000000000
 234.8129632115  73.9766251153  522.4866130741   0.0000000000
 236.4256011977  74.5004741267  525.2129650750   0.0000000000
 238.0464995745  75.0270541588  527.9486572232   0.0000000000
 239.6756864023  75.5563745598  530.6937053234   0.0000000000
 241.3131897888  76.0884446934  533.4481251801   0.0000000000
 242.9590378887  76.6232739393  536.2119325973   0.0000000000
 244.6132589042  77.1608716930  538.9851433790   0.0000000000
 246.2758810847  77.7012473658  541.7677733285   0.0000000000
 247.9469327267  78.2444103847  544.5598382494   0.0000000000
 249.6264421741  78.7903701926  547.3613539444   0.0000000000
 251.3144378180  79.3391362481  550.1723362165   0.0000000000
 253.0109480967  79.8907180258  552.9928008679   0.0000000000
 254.7160014959  80.4451250159  555.8227637011   0.0000000000
 256.4296265482  81.0023667245  558.6622405178   0.0000000000
 258.1518518340  81.5624526735  561.5112471198   0.0000000000
 259.8827059804  82.1253924006  564.3697993086   0.0000000000
 261.6222176622  82.6911954593  567.2379128854   0.0000000000
 263.3704156010  83.2598714188  570.1156036510   0.0000000000
 265.1273285662  83.8314298642  573.0028874063   0.0000000000
 266.8929853740  84.4058803965  575.8997799516   0.0000000000
 268.6674148880  84.9832326323  578.8062970873   0.0000000000
 270.4506460192  85.5634962042  581.7224546133   0.0000000000
 272.2427077257  86.1466807603  584.6482683294   0.0000000000
 274.0436290128  86.7327959648  587.5837540352   0.0000000000
 275.8534389334  87.3218514976  590.5289275300   0.0000000000
 277.6721665872  87.9138570544  593.4838046130   0.0000000000
 279.4998411215  88.5088223466  596.4484010829   0.0000000000
 281.3364917308  89.1067571016  599.4227327385   0.0000000000
 283.1821476567  89.7076710624  602.4068153783   0.0000000000
 285.0368381883  90.3115739880  605.4006648005   0.0000000000
 286.9005926619  90.9184756529  608.4042968032   0.0000000000
 288.7734404609  91.5283858477  611.4177271843   0.0000000000
 290.6554110162  92.1413143787  614.4409717413   0.0000000000
 292.5465338058  92.7572710679  617.4740462718   0.0000000000
 294.4468383550  93.3762657531  620.5169665731   0.0000000000
 296.3563542366  93.9983082882  623.5697484421   0.0000000000
 298.2751110702  94.6234085425  626.6324076758   0.0000000000
 300.2031385232  95.2515764013  629.7049600709   0.0000000000
 302.1404663100  95.8828217656  632.7874214238   0.0000000000
 304.0871241922  96.5171545524  635.8798075310   0.0000000000
 306.0431419788  97.1545846942  638.9821341885   0.0000000000
 308.0085495261  97.7951221395  642.0944171924   0.0000000000
 309.9833767376  98.4387768526  645.2166723384   0.0000000000
 311.9676535642  99.0855588135  648.3489154222   0.0000000000
 313.9614100038  99.7354780180  651.4911622392   0.0000000000
 315.9646761020 100.3885444778  654.6434285846   0.0000000000
 317.9774819513 101.0447682203  657.8057302537   0.0000000000
 319.9998576917 101.7041592887  660.9780830414   0.0000000000
 322.0318335103 102.3667277420  664.1605027424   0.0000000000
 324.0734396418 103.0324836551  667.3530051514   0.0000000000
 326.1247063678 103.7014371185  670.5556060629   0.0000000000
 328.1856640174 104.3735982387  673.7683212711   0.0000000000
 330.2563429670 105.0489771377  676.9911665703   0.0000000000
 332.3367736402 105.7275839538  680.2241577545   0.0000000000
 334.4269865078 106.4094288405  683.4673106176   0.0000000000
 336.5270120882 107.0945219675  686.7206409531   0.0000000000
 338.6368809468 107.7828735201  689.9841645548   0.0000000000
 340.7566236964 108.4744936996  693.2578972161   0.0000000000
 342.8862709970 109.1693927229  696.5418547302   0.0000000000
 345.0258535560 109.8675808226  699.8360528902   0.0000000000
 347.1754021281 110.5690682475  703.1405074893   0.0000000000
 349.3349475151 111.2738652617  706.4552343202   0.0000000000
 351.5045205663 111.9819821454  709.7802491756   0.0000000000
 353.6841521782 112.6934291946  713.1155678483   0.0000000000
 355.8738732945 113.4082167210  716.4612061306   0.0000000000
 358.0737149065 114.1263550520  719.8171798149   0.0000000000
 360.2837080525 114.8478545310  723.1835046934   0.0000000000
 362.5038838182 115.5727255171  726.5601965582   0.0000000000
 364.7342733365 116.3009783851  729.9472712012   0.0000000000
 366.9749077878 117.0326235257  733.3447444143   0.0000000000
 369.2258183995 117.7676713454  736.7526319892   0.0000000000
 371.4870364466 118.5061322664  740.1709497174   0.0000000000
 373.7585932511 119.2480167268  743.5997133905   0.0000000000
 376.0405201827 119.9933351804  747.0389387998   0.0000000000
 378.3328486579 120.7420980969  750.4886417366   0.0000000000
 380.6356101409 121.4943159616  753.9488379919   0.0000000000
 382.9488361431 122.2499992759  757.4195433568   0.0000000000
 385.2725582229 123.0091585567  760.9007736221   0.0000000000
 387.6068079865 123.7718043367  764.3925445787   0.0000000000
 389.9516170869 124.5379471646  767.8948720173   0.0000000000
 392.3070172249 125.3075976048  771.4077717284   0.0000000000
 394.6730401482 126.0807662375  774.9312595024   0.0000000000
 397.0497176519 126.8574636585  778.4653511298   0.0000000000
 399.4370815786 127.6377004796  782.0100624008   0.0000000000
 401.8351638178 128.4214873284  785.5654091055   0.0000000000
 404.2439963068 129.2088348482  789.1314070341   0.0000000000
 406.6636110299 129.9997536981  792.7080719764   0.0000000000
 409.0940400186 130.7942545531  796.2954197223   0.0000000000
 411.5353153520 131.5923481038  799.8934660616   0.0000000000
 413.9874691564 132.3940450567  803.5022267839   0.0000000000
 416.4505336052 133.1993561341  807.1217176788   0.0000000000
 418.9245409193 134.0082920740  810.7519545357   0.0000000000
 421.4095233671 134.8208636304  814.3929531441   0.0000000000
 423.9055132638 135.6370815728  818.0447292933   0.0000000000
 426.4125429723 136.4569566868  821.7072987723   0.0000000000
 428.9306449027 137.2804997734  825.3806773704   0.0000000000
 431.4598515124 138.1077216498  829.0648808766   0.0000000000
 434.0001953061 138.9386331487  832.7599250797   0.0000000000
 436.5517088358 139.7732451188  836.4658257687   0.0000000000
 439.1144247009 140.6115684244  840.1825987322   0.0000000000
 441.6883755479 141.4536139456  843.9102597590   0.0000000000
 444.2735940708 142.2993925785  847.6488246377   0.0000000000
 446.8701130109 143.1489152348  851.3983091567   0.0000000000
 449.4779651566 144.0021928420  855.1587291046   0.0000000000
 452.0971833439 144.8592363434  858.9301002695   0.0000000000
 454.7278004560 145.7200566982  862.7124384399   0.0000000000
 457.3698494233 146.5846648812  866.5057594039   0.0000000000
 460.0233632237 147.4530718832  870.3100789496   0.0000000000
 462.6883748822 148.3252887105  874.1254128651   0.0000000000
 465.3649174712 149.2013263856  877.9517769383   0.0000000000
 468.0530241105 150.0811959464  881.7891869571   0.0000000000
 470.7527279672 150.9649084468  885.6376587093   0.0000000000
 473.4640622555 151.8524749563  889.4972079827   0.0000000000
 476.1870602372 152.7439065605  893.3678505649   0.0000000000
 478.9217552212 153.6392143605  897.2496022436   0.0000000000
 481.6681805639 154.5384094733  901.1424788062   0.0000000000
 484.4263696688 155.4415030317  905.0464960402   0.0000000000
 487.1963559868 156.3485061842  908.9616697330   0.0000000000
 489.9781730162 157.2594300952  912.8880156720   0.0000000000
 492.7718543026 158.1742859449  916.8255496443   0.0000000000
 495.5774334388 159.0930849291  920.7742874373   0.0000000000
 498.3949440649 160.0158382596  924.7342448379   0.0000000000
 501.2244198686 160.9425571639  928.7054376332   0.0000000000
 504.0658945845 161.8732528853  932.6878816104   0.0000000000
 506.9194019949 162.8079366828  936.6815925561   0.0000000000
 509.7849759291 163.7466198313  940.6865862575   0.0000000000
 512.6626502639 164.6893136215  944.7028785012   0.0000000000
 515.5524589234 165.6360293598  948.7304850740   0.0000000000
 518.4544358790 166.5867783683  952.7694217626   0.0000000000
 521.3686151494 167.5415719852  956.8197043536   0.0000000000
 524.2950308006 168.5004215643  960.8813486336   0.0000000000
 527.2337169460 169.4633384750  964.9543703892   0.0000000000
 530.1847077462 170.4303341028  969.0387854066   0.0000000000
 533.1480374092 171.4014198488  973.1346094724   0.0000000000
 536.1237401903 172.3766071300  977.2418583729   0.0000000000
 539.1118503922 173.3559073791  981.3605478943   0.0000000000
 542.1124023647 174.3393320446  985.4906938230   0.0000000000
 545.1254305051 175.3268925908  989.6323119450   0.0000000000
 548.1509692581 176.3186004978  993.7854180465   0.0000000000
 551.1890531154 177.3144672615  997.9500279136   0.0000000000
 554.2397166164 178.3145043935 1002.1261573323   0.0000000000
 557.3029943475 179.3187234213 1006.3138220884   0.0000000000
 560.3789209425 180.3271358881 1010.5130379681   0.0000000000
 563.4675310828 181.3397533529 1014.7238207571   0.0000000000
 566.5688594968 182.3565873905 1018.9461862412   0.0000000000
 569.6829409602 183.3776495915 1023.1801502062   0.0000000000
 572.8098102963 184.4029515623 1027.4257284378   0.0000000000
 575.9495023755 185.4325049251 1031.6829367216   0.0000000000
 579.1020521156 186.4663213177 1035.9517908434   0.0000000000
 582.2674944816 187.5044123940 1040.2323065886   0.0000000000
 585.4458644861 188.5467898234 1044.5244997428   0.0000000000
 588.6371971887 189.5934652912 1048.8283860915   0.0000000000
 591.8415276966 190.6444504985 1053.1439814201   0.0000000000
 595.0588911641 191.6997571623 1057.4713015139   0.0000000000
 598.2893227929 192.7593970151 1061.8103621584   0.0000000000
 601.5328578322 193.8233818054 1066.1611791388   0.0000000000
 604.7895315781 194.8917232974 1070.5237682403   0.0000000000
 608.0593793746 195.9644332712 1074.8981452483   0.0000000000
 611.3424366125 197.0415235225 1079.2843259478   0.0000000000
 614.6387387302 198.1230058629 1083.6823261240   0.0000000000
 617.9483212133 199.2088921198 1088.0921615620   0.0000000000
 621.2712195949 200.2991941363 1092.5138480468   0.0000000000
 624.6074694552 201.3939237715 1096.9474013634   0.0000000000
 627.9571064219 202.4930928999 1101.3928372968   0.0000000000
 631.3201661699 203.5967134122 1105.8501716319   0.0000000000
 634.6966844215 204.7047972146 1110.3194201536   0.0000000000
 638.0866969464 205.8173562292 1114.8005986467   0.0000000000
 641.4902395614 206.9344023938 1119.2937228961   0.0000000000
 644.9073481309 208.0559476622 1123.7988086864   0.0000000000
 648.3380585663 209.1820040036 1128.3158718025   0.0000000000
 651.7824068267 210.3125834035 1132.8449280291   0.0000000000
 655.2404289182 211.4476978627 1137.3859931507   0.0000000000
 658.7121608944 212.5873593980 1141.9390829520   0.0000000000
 662.1976388562 213.7315800420 1146.5042132176   0.0000000000
 665.6968989519 214.8803718432 1151.0813997321   0.0000000000
 669.2099773769 216.0337468655 1155.6706582799   0.0000000000
 672.7369103741 217.1917171890 1160.2720046456   0.0000000000
 676.2777342338 218.3542949093 1164.8854546135   0.0000000000
 679.8324852934 219.5214921380 1169.5110239681   0.0000000000
 683.4011999378 220.6933210023 1174.1487284937   0.0000000000
 686.9839145992 221.8697936453 1178.7985839748   0.0000000000
 690.5806657571 223.0509222259 1183.4606061956   0.0000000000
 694.1914899383 224.2367189186 1188.1348109403   0.0000000000
 697.8164237170 225.4271959139 1192.8212139933   0.0000000000
 701.4555037146 226.6223654179 1197.5198311388   0.0000000000
 705.1087666001 227.8222396528 1202.2306781609   0.0000000000
 708.7762490894 229.0268308561 1206.9537708437   0.0000000000
 712.4579879462 230.2361512816 1211.6891249715   0.0000000000
 716.1540199812 231.4502131985 1216.4367563282   0.0000000000
 719.8643820525 232.6690288919 1221.1966806980   0.0000000000
 723.5891110656 233.8926106628 1225.9689138648   0.0000000000
 727.3282439733 235.1209708278 1230.7534716128   0.0000000000
 731.0818177758 236.3541217195 1235.5503697257   0.0000000000
 734.8498695203 237.5920756860 1240.3596239877   0.0000000000
 738.6324363018 238.8348450914 1245.1812501825   0.0000000000
 742.4295552624 240.0824423156 1250.0152640941   0.0000000000
 746.2412635914 241.3348797541 1254.8616815064   0.0000000000
 750.0675985257 242.5921698184 1259.7205182031   0.0000000000
 753.9085973493 243.8543249356 1264.5917899681   0.0000000000
 757.7642973936 245.1213575486 1269.4755125851   0.0000000000
 761.6347360375 246.3932801163 1274.3717018379   0.0000000000
 765.5199507070 247.6701051131 1279.2803735102   0.0000000000
 769.4199788755 248.9518450294 1284.2015433858   0.0000000000
 773.3348580638 250.2385123712 1289.1352272481   0.0000000000
 777.2646258400 251.5301196605 1294.0814408810   0.0000000000
 781.2093198193 252.8266794348 1299.0402000680   0.0000000000
 785.1689776647 254.1282042477 1304.0115205928   0.0000000000
 789.1436370862 255.4347066684 1308.9954182388   0.0000000000
 793.1333358411 256.7461992818 1313.9919087896   0.0000000000
