   11.000999999999999     
  0.10000000000000001              501
  61.0010000000  18.0697440862   183.8346352388   0.0000000000   1.0000000000
  60.9010000000  18.0381433929   183.6020948178   0.0000000000   1.0000000000
  60.8010000000  18.0065442639   183.3694612300   0.0000000000   1.0000000000
  60.7010000000  17.9749467581   183.1367346905   0.0000000000   1.0000000000
  60.6010000000  17.9433507709   182.9039142103   0.0000000000   1.0000000000
  60.5010000000  17.9117564169   182.6710004120   0.0000000000   1.0000000000
  60.4010000000  17.8801636473   182.4379927149   0.0000000000   1.0000000000
  60.3010000000  17.8485724413   182.2048907432   0.0000000000   1.0000000000
  60.2010000000  17.8169828601   181.9716947252   0.0000000000   1.0000000000
  60.1010000000  17.7853948838   181.7384042906   0.0000000000   1.0000000000
  60.0010000000  17.7538084933   181.5050190728   0.0000000000   1.0000000000
  59.9010000000  17.7222237240   181.2715391082   0.0000000000   1.0000000000
  59.8010000000  17.6906405578   181.0379640365   0.0000000000   1.0000000000
  59.7010000000  17.6590590311   180.8042938996   0.0000000000   1.0000000000
  59.6010000000  17.6274791001   180.5705281441   0.0000000000   1.0000000000
  59.5010000000  17.5959008291   180.3366670172   0.0000000000   1.0000000000
  59.4010000000  17.5643241753   180.1027099720   0.0000000000   1.0000000000
  59.3010000000  17.5327491503   179.8686568634   0.0000000000   1.0000000000
  59.2010000000  17.5011757662   179.6345075495   0.0000000000   1.0000000000
  59.1010000000  17.4696040624   179.4002620893   0.0000000000   1.0000000000
  59.0010000000  17.4380339719   179.1659197516   0.0000000000   1.0000000000
  58.9010000000  17.4064655351   178.9314806024   0.0000000000   1.0000000000
  58.8010000000  17.3748987930   178.6969447097   0.0000000000   1.0000000000
  58.7010000000  17.3433337070   178.4623115509   0.0000000000   1.0000000000
  58.6010000000  17.3117702658   178.2275808054   0.0000000000   1.0000000000
  58.5010000000  17.2802084856   177.9927523533   0.0000000000   1.0000000000
  58.4010000000  17.2486484093   177.7578262752   0.0000000000   1.0000000000
  58.3010000000  17.2170900272   177.5228022598   0.0000000000   1.0000000000
  58.2010000000  17.1855333042   177.2876798027   0.0000000000   1.0000000000
  58.1010000000  17.1539782847   177.0524589939   0.0000000000   1.0000000000
  58.0010000000  17.1224249874   176.8171397293   0.0000000000   1.0000000000
  57.9010000000  17.0908733525   176.5817213185   0.0000000000   1.0000000000
  57.8010000000  17.0593234262   176.3462038612   0.0000000000   1.0000000000
  57.7010000000  17.0277752289   176.1105872632   0.0000000000   1.0000000000
  57.6010000000  16.9962287552   175.8748712378   0.0000000000   1.0000000000
  57.5010000000  16.9646839742   175.6390553059   0.0000000000   1.0000000000
  57.4010000000  16.9331409081   175.4031393841   0.0000000000   1.0000000000
  57.3010000000  16.9015996056   175.1671235873   0.0000000000   1.0000000000
  57.2010000000  16.8700600379   174.9310074474   0.0000000000   1.0000000000
  57.1010000000  16.8385221765   174.6947905004   0.0000000000   1.0000000000
  57.0010000000  16.8069860981   174.4584730664   0.0000000000   1.0000000000
  56.9010000000  16.7754517494   174.2220544936   0.0000000000   1.0000000000
  56.8010000000  16.7439191563   173.9855347189   0.0000000000   1.0000000000
  56.7010000000  16.7123883189   173.7489134880   0.0000000000   1.0000000000
  56.6010000000  16.6808592639   173.5121907445   0.0000000000   1.0000000000
  56.5010000000  16.6493319671   173.2753660469   0.0000000000   1.0000000000
  56.4010000000  16.6178064563   173.0384393462   0.0000000000   1.0000000000
  56.3010000000  16.5862827086   172.8014102086   0.0000000000   1.0000000000
  56.2010000000  16.5547607532   172.5642785924   0.0000000000   1.0000000000
  56.1010000000  16.5232405684   172.3270440718   0.0000000000   1.0000000000
  56.0010000000  16.4917222102   172.0897068052   0.0000000000   1.0000000000
  55.9010000000  16.4602056327   171.8522661814   0.0000000000   1.0000000000
  55.8010000000  16.4286908676   171.6147221730   0.0000000000   1.0000000000
  55.7010000000  16.3971779213   171.3770745627   0.0000000000   1.0000000000
  55.6010000000  16.3656667503   171.1393227524   0.0000000000   1.0000000000
  55.5010000000  16.3341574389   170.9014671105   0.0000000000   1.0000000000
  55.4010000000  16.3026499703   170.6635072387   0.0000000000   1.0000000000
  55.3010000000  16.2711443027   170.4254425514   0.0000000000   1.0000000000
  55.2010000000  16.2396404717   170.1872730433   0.0000000000   1.0000000000
  55.1010000000  16.2081384879   169.9489985207   0.0000000000   1.0000000000
  55.0010000000  16.1766383624   169.7106187938   0.0000000000   1.0000000000
  54.9010000000  16.1451400819   169.4721334854   0.0000000000   1.0000000000
  54.8010000000  16.1136436590   169.2335424140   0.0000000000   1.0000000000
  54.7010000000  16.0821491070   168.9948454016   0.0000000000   1.0000000000
  54.6010000000  16.0506564148   168.7560420838   0.0000000000   1.0000000000
  54.5010000000  16.0191656221   168.5171324815   0.0000000000   1.0000000000
  54.4010000000  15.9876766940   168.2781160478   0.0000000000   1.0000000000
  54.3010000000  15.9561896465   168.0389926215   0.0000000000   1.0000000000
  54.2010000000  15.9247044965   167.7997620452   0.0000000000   1.0000000000
  54.1010000000  15.8932212362   167.5604239755   0.0000000000   1.0000000000
  54.0010000000  15.8617399088   167.3209784531   0.0000000000   1.0000000000
  53.9010000000  15.8302604583   167.0814247638   0.0000000000   1.0000000000
  53.8010000000  15.7987829290   166.8417629566   0.0000000000   1.0000000000
  53.7010000000  15.7673073413   166.6019928948   0.0000000000   1.0000000000
  53.6010000000  15.7358336664   166.3621140674   0.0000000000   1.0000000000
  53.5010000000  15.7043619259   166.1221263465   0.0000000000   1.0000000000
  53.4010000000  15.6728921174   165.8820294194   0.0000000000   1.0000000000
  53.3010000000  15.6414242393   165.6418229781   0.0000000000   1.0000000000
  53.2010000000  15.6099583401   165.4015070958   0.0000000000   1.0000000000
  53.1010000000  15.5784943704   165.1610810964   0.0000000000   1.0000000000
  53.0010000000  15.5470324046   164.9205452497   0.0000000000   1.0000000000
  52.9010000000  15.5155723703   164.6798987014   0.0000000000   1.0000000000
  52.8010000000  15.4841143189   164.4391415418   0.0000000000   1.0000000000
  52.7010000000  15.4526582532   164.1982734899   0.0000000000   1.0000000000
  52.6010000000  15.4212041770   163.9572942691   0.0000000000   1.0000000000
  52.5010000000  15.3897520704   163.7162034206   0.0000000000   1.0000000000
  52.4010000000  15.3583019875   163.4750010516   0.0000000000   1.0000000000
  52.3010000000  15.3268538856   163.2336865257   0.0000000000   1.0000000000
  52.2010000000  15.2954078201   162.9922599589   0.0000000000   1.0000000000
  52.1010000000  15.2639637502   162.7507207250   0.0000000000   1.0000000000
  52.0010000000  15.2325217329   162.5090689485   0.0000000000   1.0000000000
  51.9010000000  15.2010817045   162.2673038274   0.0000000000   1.0000000000
  51.8010000000  15.1696437480   162.0254256814   0.0000000000   1.0000000000
  51.7010000000  15.1382078015   161.7834337189   0.0000000000   1.0000000000
  51.6010000000  15.1067739250   161.5413280828   0.0000000000   1.0000000000
  51.5010000000  15.0753421070   161.2991083630   0.0000000000   1.0000000000
  51.4010000000  15.0439123365   161.0567741553   0.0000000000   1.0000000000
  51.3010000000  15.0124846518   160.8143254306   0.0000000000   1.0000000000
  51.2010000000  14.9810590199   160.5717616097   0.0000000000   1.0000000000
  51.1010000000  14.9496355043   160.3290828578   0.0000000000   1.0000000000
  51.0010000000  14.9182140261   160.0862882372   0.0000000000   1.0000000000
  50.9010000000  14.8867946982   159.8433782916   0.0000000000   1.0000000000
  50.8010000000  14.8553774435   159.6003520942   0.0000000000   1.0000000000
  50.7010000000  14.8239622811   159.3572094616   0.0000000000   1.0000000000
  50.6010000000  14.7925492548   159.1139503985   0.0000000000   1.0000000000
  50.5010000000  14.7611383379   158.8705743635   0.0000000000   1.0000000000
  50.4010000000  14.7297295522   158.6270811880   0.0000000000   1.0000000000
  50.3010000000  14.6983229200   158.3834707083   0.0000000000   1.0000000000
  50.2010000000  14.6669183939   158.1397422166   0.0000000000   1.0000000000
  50.1010000000  14.6355160454   157.8958959262   0.0000000000   1.0000000000
  50.0010000000  14.6041158525   157.6519313231   0.0000000000   1.0000000000
  49.9010000000  14.5727177942   157.4078478999   0.0000000000   1.0000000000
  49.8010000000  14.5413219442   157.1636458843   0.0000000000   1.0000000000
  49.7010000000  14.5099282366   156.9193244152   0.0000000000   1.0000000000
  49.6010000000  14.4785367468   156.6748837306   0.0000000000   1.0000000000
  49.5010000000  14.4471474343   156.4303231633   0.0000000000   1.0000000000
  49.4010000000  14.4157603061   156.1856424165   0.0000000000   1.0000000000
  49.3010000000  14.3843754168   155.9408415613   0.0000000000   1.0000000000
  49.2010000000  14.3529927056   155.6959197676   0.0000000000   1.0000000000
  49.1010000000  14.3216122290   155.4508771178   0.0000000000   1.0000000000
  49.0010000000  14.2902339745   155.2057131563   0.0000000000   1.0000000000
  48.9010000000  14.2588579541   154.9604276145   0.0000000000   1.0000000000
  48.8010000000  14.2274841803   154.7150202292   0.0000000000   1.0000000000
  48.7010000000  14.1961126671   154.4694907433   0.0000000000   1.0000000000
  48.6010000000  14.1647434059   154.2238387252   0.0000000000   1.0000000000
  48.5010000000  14.1333764124   153.9780639295   0.0000000000   1.0000000000
  48.4010000000  14.1020116803   153.7321659370   0.0000000000   1.0000000000
  48.3010000000  14.0706492273   153.4861445144   0.0000000000   1.0000000000
  48.2010000000  14.0392890719   153.2399994341   0.0000000000   1.0000000000
  48.1010000000  14.0079312109   152.9937302953   0.0000000000   1.0000000000
  48.0010000000  13.9765756419   152.7473367034   0.0000000000   1.0000000000
  47.9010000000  13.9452223866   152.5008184495   0.0000000000   1.0000000000
  47.8010000000  13.9138714675   152.2541753299   0.0000000000   1.0000000000
  47.7010000000  13.8825228628   152.0074067905   0.0000000000   1.0000000000
  47.6010000000  13.8511765969   151.7605126405   0.0000000000   1.0000000000
  47.5010000000  13.8198326730   151.5134925170   0.0000000000   1.0000000000
  47.4010000000  13.7884910950   151.2663460638   0.0000000000   1.0000000000
  47.3010000000  13.7571518905   151.0190731087   0.0000000000   1.0000000000
  47.2010000000  13.7258150431   150.7716731305   0.0000000000   1.0000000000
  47.1010000000  13.6944805602   150.5241457926   0.0000000000   1.0000000000
  47.0010000000  13.6631484724   150.2764909422   0.0000000000   1.0000000000
  46.9010000000  13.6318187667   150.0287080784   0.0000000000   1.0000000000
  46.8010000000  13.6004914759   149.7807970612   0.0000000000   1.0000000000
  46.7010000000  13.5691665893   149.5327574033   0.0000000000   1.0000000000
  46.6010000000  13.5378441194   149.2845888014   0.0000000000   1.0000000000
  46.5010000000  13.5065240578   149.0362907824   0.0000000000   1.0000000000
  46.4010000000  13.4752064416   148.7878632328   0.0000000000   1.0000000000
  46.3010000000  13.4438912646   148.5393056933   0.0000000000   1.0000000000
  46.2010000000  13.4125785438   148.2906178876   0.0000000000   1.0000000000
  46.1010000000  13.3812682754   148.0417993709   0.0000000000   1.0000000000
  46.0010000000  13.3499605006   147.7928500561   0.0000000000   1.0000000000
  45.9010000000  13.3186551740   147.5437691621   0.0000000000   1.0000000000
  45.8010000000  13.2873523391   147.2945566161   0.0000000000   1.0000000000
  45.7010000000  13.2560519967   147.0452120018   0.0000000000   1.0000000000
  45.6010000000  13.2247541489   146.7957349108   0.0000000000   1.0000000000
  45.5010000000  13.1934588426   146.5461252904   0.0000000000   1.0000000000
  45.4010000000  13.1621660383   146.2963823978   0.0000000000   1.0000000000
  45.3010000000  13.1308757637   146.0465060209   0.0000000000   1.0000000000
  45.2010000000  13.0995880253   145.7964957807   0.0000000000   1.0000000000
  45.1010000000  13.0683028531   145.5463514792   0.0000000000   1.0000000000
  45.0010000000  13.0370202344   145.2960725787   0.0000000000   1.0000000000
  44.9010000000  13.0057401581   145.0456585498   0.0000000000   1.0000000000
  44.8010000000  12.9744626793   144.7951093904   0.0000000000   1.0000000000
  44.7010000000  12.9431877891   144.5444245860   0.0000000000   1.0000000000
  44.6010000000  12.9119154803   144.2936036307   0.0000000000   1.0000000000
  44.5010000000  12.8806457899   144.0426463718   0.0000000000   1.0000000000
  44.4010000000  12.8493786915   143.7915521469   0.0000000000   1.0000000000
  44.3010000000  12.8181142460   143.5403209905   0.0000000000   1.0000000000
  44.2010000000  12.7868524085   143.2889520848   0.0000000000   1.0000000000
  44.1010000000  12.7555932421   143.0374454795   0.0000000000   1.0000000000
  44.0010000000  12.7243367047   142.7858003738   0.0000000000   1.0000000000
  43.9010000000  12.6930828408   142.5340166617   0.0000000000   1.0000000000
  43.8010000000  12.6618316533   142.2820939019   0.0000000000   1.0000000000
  43.7010000000  12.6305831257   142.0300314913   0.0000000000   1.0000000000
  43.6010000000  12.5993373062   141.7778293474   0.0000000000   1.0000000000
  43.5010000000  12.5680942018   141.5254870544   0.0000000000   1.0000000000
  43.4010000000  12.5368537789   141.2730038642   0.0000000000   1.0000000000
  43.3010000000  12.5056161107   141.0203798891   0.0000000000   1.0000000000
  43.2010000000  12.4743811664   140.7676143988   0.0000000000   1.0000000000
  43.1010000000  12.4431489587   140.5147070120   0.0000000000   1.0000000000
  43.0010000000  12.4119195017   140.2616573563   0.0000000000   1.0000000000
  42.9010000000  12.3806928108   140.0084650679   0.0000000000   1.0000000000
  42.8010000000  12.3494689030   139.7551297916   0.0000000000   1.0000000000
  42.7010000000  12.3182477964   139.5016511810   0.0000000000   1.0000000000
  42.6010000000  12.2870294485   139.2480283922   0.0000000000   1.0000000000
  42.5010000000  12.2558139219   138.9942614349   0.0000000000   1.0000000000
  42.4010000000  12.2246012185   138.7403498211   0.0000000000   1.0000000000
  42.3010000000  12.1933913622   138.4862932402   0.0000000000   1.0000000000
  42.2010000000  12.1621843165   138.2320908870   0.0000000000   1.0000000000
  42.1010000000  12.1309801291   137.9777426379   0.0000000000   1.0000000000
  42.0010000000  12.0997788077   137.7232480426   0.0000000000   1.0000000000
  41.9010000000  12.0685803617   137.4686066602   0.0000000000   1.0000000000
  41.8010000000  12.0373847814   137.2138178924   0.0000000000   1.0000000000
  41.7010000000  12.0061920997   136.9588814849   0.0000000000   1.0000000000
  41.6010000000  11.9750023509   136.7037971926   0.0000000000   1.0000000000
  41.5010000000  11.9438154892   136.4485641131   0.0000000000   1.0000000000
  41.4010000000  11.9126315725   136.1931821874   0.0000000000   1.0000000000
  41.3010000000  11.8814505990   135.9376508665   0.0000000000   1.0000000000
  41.2010000000  11.8502725684   135.6819696119   0.0000000000   1.0000000000
  41.1010000000  11.8190975027   135.4261380614   0.0000000000   1.0000000000
  41.0010000000  11.7879254249   135.1701558622   0.0000000000   1.0000000000
  40.9010000000  11.7567563198   134.9140223410   0.0000000000   1.0000000000
  40.8010000000  11.7255902339   134.6577373311   0.0000000000   1.0000000000
  40.7010000000  11.6944271352   134.4013000152   0.0000000000   1.0000000000
  40.6010000000  11.6632670733   134.1447102469   0.0000000000   1.0000000000
  40.5010000000  11.6321100597   133.8879675601   0.0000000000   1.0000000000
  40.4010000000  11.6009560674   133.6310711705   0.0000000000   1.0000000000
  40.3010000000  11.5698051511   133.3740209626   0.0000000000   1.0000000000
  40.2010000000  11.5386573072   133.1168163383   0.0000000000   1.0000000000
  40.1010000000  11.5075125539   132.8594568747   0.0000000000   1.0000000000
  40.0010000000  11.4763708911   132.6019419962   0.0000000000   1.0000000000
  39.9010000000  11.4452323406   132.3442713019   0.0000000000   1.0000000000
  39.8010000000  11.4140969254   132.0864444019   0.0000000000   1.0000000000
  39.7010000000  11.3829646313   131.8284605913   0.0000000000   1.0000000000
  39.6010000000  11.3518354851   131.5703195027   0.0000000000   1.0000000000
  39.5010000000  11.3207095153   131.3120207799   0.0000000000   1.0000000000
  39.4010000000  11.2895867131   131.0535637529   0.0000000000   1.0000000000
  39.3010000000  11.2584671105   130.7949480883   0.0000000000   1.0000000000
  39.2010000000  11.2273507025   130.5361731400   0.0000000000   1.0000000000
  39.1010000000  11.1962375052   130.2772384359   0.0000000000   1.0000000000
  39.0010000000  11.1651275369   130.0181435159   0.0000000000   1.0000000000
  38.9010000000  11.1340208173   129.7588879315   0.0000000000   1.0000000000
  38.8010000000  11.1029173491   129.4994710851   0.0000000000   1.0000000000
  38.7010000000  11.0718171559   129.2398925526   0.0000000000   1.0000000000
  38.6010000000  11.0407202439   128.9801517609   0.0000000000   1.0000000000
  38.5010000000  11.0096266216   128.7202481499   0.0000000000   1.0000000000
  38.4010000000  10.9785363184   128.4601813322   0.0000000000   1.0000000000
  38.3010000000  10.9474493463   128.1999507725   0.0000000000   1.0000000000
  38.2010000000  10.9163657196   127.9395559482   0.0000000000   1.0000000000
  38.1010000000  10.8852854353   127.6789961898   0.0000000000   1.0000000000
  38.0010000000  10.8542085116   127.4182710010   0.0000000000   1.0000000000
  37.9010000000  10.8231349878   127.1573800575   0.0000000000   1.0000000000
  37.8010000000  10.7920648480   126.8963225700   0.0000000000   1.0000000000
  37.7010000000  10.7609981355   126.6350982402   0.0000000000   1.0000000000
  37.6010000000  10.7299348387   126.3737063061   0.0000000000   1.0000000000
  37.5010000000  10.6988750047   126.1121464955   0.0000000000   1.0000000000
  37.4010000000  10.6678186077   125.8504179157   0.0000000000   1.0000000000
  37.3010000000  10.6367656988   125.5885203212   0.0000000000   1.0000000000
  37.2010000000  10.6057162564   125.3264528480   0.0000000000   1.0000000000
  37.1010000000  10.5746703361   125.0642152773   0.0000000000   1.0000000000
  37.0010000000  10.5436279391   124.8018069310   0.0000000000   1.0000000000
  36.9010000000  10.5125890508   124.5392269888   0.0000000000   1.0000000000
  36.8010000000  10.4815537328   124.2764752731   0.0000000000   1.0000000000
  36.7010000000  10.4505219748   124.0135509924   0.0000000000   1.0000000000
  36.6010000000  10.4194938056   123.7504536836   0.0000000000   1.0000000000
  36.5010000000  10.3884692197   123.4871825852   0.0000000000   1.0000000000
  36.4010000000  10.3574482687   123.2237374197   0.0000000000   1.0000000000
  36.3010000000  10.3264309332   122.9601172994   0.0000000000   1.0000000000
  36.2010000000  10.2954172513   122.6963218203   0.0000000000   1.0000000000
  36.1010000000  10.2644072447   122.4323504370   0.0000000000   1.0000000000
  36.0010000000  10.2334009011   122.1682023091   0.0000000000   1.0000000000
  35.9010000000  10.2023982474   121.9038769225   0.0000000000   1.0000000000
  35.8010000000  10.1713993306   121.6393739333   0.0000000000   1.0000000000
  35.7010000000  10.1404041276   121.3746923936   0.0000000000   1.0000000000
  35.6010000000  10.1094126903   121.1098319907   0.0000000000   1.0000000000
  35.5010000000  10.0784250006   120.8447918096   0.0000000000   1.0000000000
  35.4010000000  10.0474410972   120.5795714149   0.0000000000   1.0000000000
  35.3010000000  10.0164610030   120.3141702329   0.0000000000   1.0000000000
  35.2010000000   9.9854847257   120.0485875525   0.0000000000   1.0000000000
  35.1010000000   9.9545122753   119.7828226796   0.0000000000   1.0000000000
  35.0010000000   9.9235436826   119.5168750904   0.0000000000   1.0000000000
  34.9010000000   9.8925789805   119.2507442773   0.0000000000   1.0000000000
  34.8010000000   9.8616181513   118.9844292913   0.0000000000   1.0000000000
  34.7010000000   9.8306612156   118.7179295069   0.0000000000   1.0000000000
  34.6010000000   9.7997082320   118.4512446202   0.0000000000   1.0000000000
  34.5010000000   9.7687591908   118.1843737354   0.0000000000   1.0000000000
  34.4010000000   9.7378141028   117.9173161271   0.0000000000   1.0000000000
  34.3010000000   9.7068730169   117.6500713912   0.0000000000   1.0000000000
  34.2010000000   9.6759359141   117.3826385353   0.0000000000   1.0000000000
  34.1010000000   9.6450028485   117.1150171909   0.0000000000   1.0000000000
  34.0010000000   9.6140738244   116.8472065538   0.0000000000   1.0000000000
  33.9010000000   9.5831488490   116.5792058390   0.0000000000   1.0000000000
  33.8010000000   9.5522279672   116.3110145816   0.0000000000   1.0000000000
  33.7010000000   9.5213111743   116.0426318837   0.0000000000   1.0000000000
  33.6010000000   9.4903985037   115.7740571677   0.0000000000   1.0000000000
  33.5010000000   9.4594899910   115.5052898744   0.0000000000   1.0000000000
  33.4010000000   9.4285856236   115.2363290149   0.0000000000   1.0000000000
  33.3010000000   9.3976854431   114.9671740690   0.0000000000   1.0000000000
  33.2010000000   9.3667894599   114.6978242375   0.0000000000   1.0000000000
  33.1010000000   9.3358977045   114.4282788903   0.0000000000   1.0000000000
  33.0010000000   9.3050101934   114.1585372682   0.0000000000   1.0000000000
  32.9010000000   9.2741269460   113.8885986329   0.0000000000   1.0000000000
  32.8010000000   9.2432479850   113.6184622665   0.0000000000   1.0000000000
  32.7010000000   9.2123733359   113.3481274717   0.0000000000   1.0000000000
  32.6010000000   9.1815030107   113.0775934244   0.0000000000   1.0000000000
  32.5010000000   9.1506370582   112.8068596169   0.0000000000   1.0000000000
  32.4010000000   9.1197754631   112.5359249725   0.0000000000   1.0000000000
  32.3010000000   9.0889182636   112.2647888792   0.0000000000   1.0000000000
  32.2010000000   9.0580654845   111.9934505989   0.0000000000   1.0000000000
  32.1010000000   9.0272171539   111.7219094156   0.0000000000   1.0000000000
  32.0010000000   8.9963732699   111.4501643420   0.0000000000   1.0000000000
  31.9010000000   8.9655339002   111.1782149997   0.0000000000   1.0000000000
  31.8010000000   8.9346990166   110.9060601547   0.0000000000   1.0000000000
  31.7010000000   8.9038686771   110.6336993269   0.0000000000   1.0000000000
  31.6010000000   8.8730428933   110.3611316214   0.0000000000   1.0000000000
  31.5010000000   8.8422216970   110.0883563124   0.0000000000   1.0000000000
  31.4010000000   8.8114051069   109.8153725519   0.0000000000   1.0000000000
  31.3010000000   8.7805931453   109.5421795164   0.0000000000   1.0000000000
  31.2010000000   8.7497858381   109.2687764062   0.0000000000   1.0000000000
  31.1010000000   8.7189831985   108.9951623017   0.0000000000   1.0000000000
  31.0010000000   8.6881852758   108.7213365966   0.0000000000   1.0000000000
  30.9010000000   8.6573920743   108.4472982761   0.0000000000   1.0000000000
  30.8010000000   8.6266036183   108.1730464957   0.0000000000   1.0000000000
  30.7010000000   8.5958199518   107.8985805793   0.0000000000   1.0000000000
  30.6010000000   8.5650410906   107.6238995890   0.0000000000   1.0000000000
  30.5010000000   8.5342670699   107.3490027564   0.0000000000   1.0000000000
  30.4010000000   8.5034978972   107.0738890530   0.0000000000   1.0000000000
  30.3010000000   8.4727335996   106.7985576201   0.0000000000   1.0000000000
  30.2010000000   8.4419742243   106.5230077682   0.0000000000   1.0000000000
  30.1010000000   8.4112197744   106.2472384071   0.0000000000   1.0000000000
  30.0010000000   8.3804703049   105.9712489007   0.0000000000   1.0000000000
  29.9010000000   8.3497258114   105.6950380725   0.0000000000   1.0000000000
  29.8010000000   8.3189863566   105.4186053408   0.0000000000   1.0000000000
  29.7010000000   8.2882519288   105.1419494444   0.0000000000   1.0000000000
  29.6010000000   8.2575225832   104.8650697166   0.0000000000   1.0000000000
  29.5010000000   8.2267983478   104.5879652359   0.0000000000   1.0000000000
  29.4010000000   8.1960792238   104.3106348295   0.0000000000   1.0000000000
  29.3010000000   8.1653652788   104.0330779159   0.0000000000   1.0000000000
  29.2010000000   8.1346565225   103.7552933811   0.0000000000   1.0000000000
  29.1010000000   8.1039529847   103.4772802821   0.0000000000   1.0000000000
  29.0010000000   8.0732546994   103.1990377060   0.0000000000   1.0000000000
  28.9010000000   8.0425616897   102.9205646308   0.0000000000   1.0000000000
  28.8010000000   8.0118739835   102.6418600661   0.0000000000   1.0000000000
  28.7010000000   7.9811916280   102.3629231914   0.0000000000   1.0000000000
  28.6010000000   7.9505146297   102.0837528014   0.0000000000   1.0000000000
  28.5010000000   7.9198430450   101.8043481389   0.0000000000   1.0000000000
  28.4010000000   7.8891768898   101.5247080634   0.0000000000   1.0000000000
  28.3010000000   7.8585161994   101.2448316058   0.0000000000   1.0000000000
  28.2010000000   7.8278610144   100.9647178296   0.0000000000   1.0000000000
  28.1010000000   7.7972113497   100.6843655567   0.0000000000   1.0000000000
  28.0010000000   7.7665672404   100.4037737808   0.0000000000   1.0000000000
  27.9010000000   7.7359287412   100.1229416665   0.0000000000   1.0000000000
  27.8010000000   7.7052958524    99.8418678652   0.0000000000   1.0000000000
  27.7010000000   7.6746686385    99.5605516105   0.0000000000   1.0000000000
  27.6010000000   7.6440471100    99.2789916249   0.0000000000   1.0000000000
  27.5010000000   7.6134313268    98.9971870760   0.0000000000   1.0000000000
  27.4010000000   7.5828212950    98.7151366231   0.0000000000   1.0000000000
  27.3010000000   7.5522170553    98.4328392346   0.0000000000   1.0000000000
  27.2010000000   7.5216186685    98.1502940508   0.0000000000   1.0000000000
  27.1010000000   7.4910261421    97.8674997079   0.0000000000   1.0000000000
  27.0010000000   7.4604395184    97.5844551513   0.0000000000   1.0000000000
  26.9010000000   7.4298588448    97.3011593641   0.0000000000   1.0000000000
  26.8010000000   7.3992841456    97.0176110991   0.0000000000   1.0000000000
  26.7010000000   7.3687154650    96.7338092828   0.0000000000   1.0000000000
  26.6010000000   7.3381528240    96.4497526138   0.0000000000   1.0000000000
  26.5010000000   7.3075962924    96.1654402319   0.0000000000   1.0000000000
  26.4010000000   7.2770458743    95.8808706496   0.0000000000   1.0000000000
  26.3010000000   7.2465016366    95.5960429544   0.0000000000   1.0000000000
  26.2010000000   7.2159635952    95.3109557427   0.0000000000   1.0000000000
  26.1010000000   7.1854318004    95.0256079193   0.0000000000   1.0000000000
  26.0010000000   7.1549062944    94.7399982987   0.0000000000   1.0000000000
  25.9010000000   7.1243871112    94.4541256064   0.0000000000   1.0000000000
  25.8010000000   7.0938743052    94.1679887434   0.0000000000   1.0000000000
  25.7010000000   7.0633678949    93.8815862597   0.0000000000   1.0000000000
  25.6010000000   7.0328679332    93.5949170139   0.0000000000   1.0000000000
  25.5010000000   7.0023744653    93.3079797779   0.0000000000   1.0000000000
  25.4010000000   6.9718875290    93.0207732388   0.0000000000   1.0000000000
  25.3010000000   6.9414071686    92.7332961299   0.0000000000   1.0000000000
  25.2010000000   6.9109334351    92.4455472315   0.0000000000   1.0000000000
  25.1010000000   6.8804663584    92.1575251111   0.0000000000   1.0000000000
  25.0010000000   6.8500059893    91.8692285147   0.0000000000   1.0000000000
  24.9010000000   6.8195523576    91.5806559778   0.0000000000   1.0000000000
  24.8010000000   6.7891055414    91.2918064738   0.0000000000   1.0000000000
  24.7010000000   6.7586655573    91.0026783790   0.0000000000   1.0000000000
  24.6010000000   6.7282324566    90.7132703797   0.0000000000   1.0000000000
  24.5010000000   6.6978062974    90.4235812130   0.0000000000   1.0000000000
  24.4010000000   6.6673871182    90.1336094108   0.0000000000   1.0000000000
  24.3010000000   6.6369749650    89.8433535581   0.0000000000   1.0000000000
  24.2010000000   6.6065698909    89.5528122932   0.0000000000   1.0000000000
  24.1010000000   6.5761719434    89.2619841806   0.0000000000   1.0000000000
  24.0010000000   6.5457811776    88.9708678395   0.0000000000   1.0000000000
  23.9010000000   6.5153976297    88.6794616903   0.0000000000   1.0000000000
  23.8010000000   6.4850213569    88.3877643368   0.0000000000   1.0000000000
  23.7010000000   6.4546524111    88.0957743131   0.0000000000   1.0000000000
  23.6010000000   6.4242908523    87.8034902104   0.0000000000   1.0000000000
  23.5010000000   6.3939367091    87.5109103003   0.0000000000   1.0000000000
  23.4010000000   6.3635900577    87.2180332919   0.0000000000   1.0000000000
  23.3010000000   6.3332509304    86.9248574512   0.0000000000   1.0000000000
  23.2010000000   6.3029194069    86.6313814815   0.0000000000   1.0000000000
  23.1010000000   6.2725955104    86.3376035217   0.0000000000   1.0000000000
  23.0010000000   6.2422793248    86.0435222737   0.0000000000   1.0000000000
  22.9010000000   6.2119708910    85.7491360030   0.0000000000   1.0000000000
  22.8010000000   6.1816702714    85.4544431646   0.0000000000   1.0000000000
  22.7010000000   6.1513775248    85.1594421541   0.0000000000   1.0000000000
  22.6010000000   6.1210926937    84.8641311858   0.0000000000   1.0000000000
  22.5010000000   6.0908158549    84.5685087884   0.0000000000   1.0000000000
  22.4010000000   6.0605470567    84.2725731880   0.0000000000   1.0000000000
  22.3010000000   6.0302863695    83.9763228027   0.0000000000   1.0000000000
  22.2010000000   6.0000338353    83.6797557524   0.0000000000   1.0000000000
  22.1010000000   5.9697895311    83.3828704731   0.0000000000   1.0000000000
  22.0010000000   5.9395535185    83.0856652273   0.0000000000   1.0000000000
  21.9010000000   5.9093258569    82.7881382287   0.0000000000   1.0000000000
  21.8010000000   5.8791066030    82.4902876434   0.0000000000   1.0000000000
  21.7010000000   5.8488958363    82.1921118337   0.0000000000   1.0000000000
  21.6010000000   5.8186936096    81.8936088743   0.0000000000   1.0000000000
  21.5010000000   5.7884999863    81.5947769175   0.0000000000   1.0000000000
  21.4010000000   5.7583150525    81.2956143141   0.0000000000   1.0000000000
  21.3010000000   5.7281388564    80.9961190124   0.0000000000   1.0000000000
  21.2010000000   5.6979714813    80.6962892820   0.0000000000   1.0000000000
  21.1010000000   5.6678129733    80.3961229951   0.0000000000   1.0000000000
  21.0010000000   5.6376634260    80.0956184658   0.0000000000   1.0000000000
  20.9010000000   5.6075229079    79.7947737334   0.0000000000   1.0000000000
  20.8010000000   5.5773914875    79.4935868040   0.0000000000   1.0000000000
  20.7010000000   5.5472692327    79.1920556520   0.0000000000   1.0000000000
  20.6010000000   5.5171562236    78.8901783401   0.0000000000   1.0000000000
  20.5010000000   5.4870525285    78.5879527836   0.0000000000   1.0000000000
  20.4010000000   5.4569582278    78.2853769891   0.0000000000   1.0000000000
  20.3010000000   5.4268734028    77.9824489371   0.0000000000   1.0000000000
  20.2010000000   5.3967981235    77.6791664670   0.0000000000   1.0000000000
  20.1010000000   5.3667324731    77.3755275136   0.0000000000   1.0000000000
  20.0010000000   5.3366765356    77.0715299908   0.0000000000   1.0000000000
  19.9010000000   5.3066303854    76.7671716776   0.0000000000   1.0000000000
  19.8010000000   5.2765940985    76.4624503371   0.0000000000   1.0000000000
  19.7010000000   5.2465677757    76.1573639486   0.0000000000   1.0000000000
  19.6010000000   5.2165514973    75.8519102466   0.0000000000   1.0000000000
  19.5010000000   5.1865453459    75.5460869548   0.0000000000   1.0000000000
  19.4010000000   5.1565493960    75.2398916734   0.0000000000   1.0000000000
  19.3010000000   5.1265637583    74.9333223395   0.0000000000   1.0000000000
  19.2010000000   5.0965885024    74.6263764266   0.0000000000   1.0000000000
  19.1010000000   5.0666237234    74.3190516345   0.0000000000   1.0000000000
  19.0010000000   5.0366695314    74.0113457749   0.0000000000   1.0000000000
  18.9010000000   5.0067259962    73.7032562060   0.0000000000   1.0000000000
  18.8010000000   4.9767932250    73.3947806302   0.0000000000   1.0000000000
  18.7010000000   4.9468713077    73.0859165289   0.0000000000   1.0000000000
  18.6010000000   4.9169603391    72.7766613915   0.0000000000   1.0000000000
  18.5010000000   4.8870604300    72.4670128298   0.0000000000   1.0000000000
  18.4010000000   4.8571716641    72.1569681315   0.0000000000   1.0000000000
  18.3010000000   4.8272941634    71.8465249346   0.0000000000   1.0000000000
  18.2010000000   4.7974280129    71.5356804479   0.0000000000   1.0000000000
  18.1010000000   4.7675733252    71.2244321230   0.0000000000   1.0000000000
  18.0010000000   4.7377302092    70.9127773223   0.0000000000   1.0000000000
  17.9010000000   4.7078987597    70.6007132121   0.0000000000   1.0000000000
  17.8010000000   4.6780790996    70.2882372071   0.0000000000   1.0000000000
  17.7010000000   4.6482713389    69.9753465313   0.0000000000   1.0000000000
  17.6010000000   4.6184755743    69.6620382227   0.0000000000   1.0000000000
  17.5010000000   4.5886919424    69.3483096838   0.0000000000   1.0000000000
  17.4010000000   4.5589205469    69.0341579177   0.0000000000   1.0000000000
  17.3010000000   4.5291615110    68.7195800788   0.0000000000   1.0000000000
  17.2010000000   4.4994149468    68.4045731487   0.0000000000   1.0000000000
  17.1010000000   4.4696809863    68.0891342650   0.0000000000   1.0000000000
  17.0010000000   4.4399597415    67.7732602919   0.0000000000   1.0000000000
  16.9010000000   4.4102513449    67.4569482554   0.0000000000   1.0000000000
  16.8010000000   4.3805559200    67.1401950237   0.0000000000   1.0000000000
  16.7010000000   4.3508736114    66.8229976322   0.0000000000   1.0000000000
  16.6010000000   4.3212045259    66.5053526464   0.0000000000   1.0000000000
  16.5010000000   4.2915488222    66.1872571253   0.0000000000   1.0000000000
  16.4010000000   4.2619066124    65.8687075615   0.0000000000   1.0000000000
  16.3010000000   4.2322780511    65.5497008405   0.0000000000   1.0000000000
  16.2010000000   4.2026632772    65.2302336081   0.0000000000   1.0000000000
  16.1010000000   4.1730624338    64.9103024872   0.0000000000   1.0000000000
  16.0010000000   4.1434756589    64.5899039772   0.0000000000   1.0000000000
  15.9010000000   4.1139031059    64.2690346672   0.0000000000   1.0000000000
  15.8010000000   4.0843449145    63.9476909281   0.0000000000   1.0000000000
  15.7010000000   4.0548012597    63.6258694358   0.0000000000   1.0000000000
  15.6010000000   4.0252722756    63.3035663466   0.0000000000   1.0000000000
  15.5010000000   3.9957581324    62.9807781310   0.0000000000   1.0000000000
  15.4010000000   3.9662589896    62.6575010606   0.0000000000   1.0000000000
  15.3010000000   3.9367749966    62.3337312160   0.0000000000   1.0000000000
  15.2010000000   3.9073063402    62.0094650025   0.0000000000   1.0000000000
  15.1010000000   3.8778531798    61.6846984397   0.0000000000   1.0000000000
  15.0010000000   3.8484156854    61.3594275764   0.0000000000   1.0000000000
  14.9010000000   3.8189940385    61.0336484953   0.0000000000   1.0000000000
  14.8010000000   3.7895884139    60.7073571156   0.0000000000   1.0000000000
  14.7010000000   3.7601989989    60.3805494020   0.0000000000   1.0000000000
  14.6010000000   3.7308259672    60.0532210684   0.0000000000   1.0000000000
  14.5010000000   3.7014695242    59.7253680857   0.0000000000   1.0000000000
  14.4010000000   3.6721298454    59.3969859884   0.0000000000   1.0000000000
  14.3010000000   3.6428071305    59.0680704803   0.0000000000   1.0000000000
  14.2010000000   3.6135015866    58.7386172405   0.0000000000   1.0000000000
  14.1010000000   3.5842134199    58.4086218315   0.0000000000   1.0000000000
  14.0010000000   3.5549428196    58.0780795116   0.0000000000   1.0000000000
  13.9010000000   3.5256900107    57.7469858309   0.0000000000   1.0000000000
  13.8010000000   3.4964552031    57.4153360503   0.0000000000   1.0000000000
  13.7010000000   3.4672386181    57.0831254428   0.0000000000   1.0000000000
  13.6010000000   3.4380404812    56.7503492043   0.0000000000   1.0000000000
  13.5010000000   3.4088610225    56.4170024611   0.0000000000   1.0000000000
  13.4010000000   3.3797004615    56.0830800872   0.0000000000   1.0000000000
  13.3010000000   3.3505590416    55.7485770978   0.0000000000   1.0000000000
  13.2010000000   3.3214370140    55.4134884640   0.0000000000   1.0000000000
  13.1010000000   3.2923346144    55.0778088374   0.0000000000   1.0000000000
  13.0010000000   3.2632521008    54.7415329881   0.0000000000   1.0000000000
  12.9010000000   3.2341897266    54.4046554824   0.0000000000   1.0000000000
  12.8010000000   3.2051477575    54.0671708820   0.0000000000   1.0000000000
  12.7010000000   3.1761264569    53.7290735660   0.0000000000   1.0000000000
  12.6010000000   3.1471260991    53.3903578833   0.0000000000   1.0000000000
  12.5010000000   3.1181469666    53.0510181158   0.0000000000   1.0000000000
  12.4010000000   3.0891893475    52.7110484433   0.0000000000   1.0000000000
  12.3010000000   3.0602535290    52.3704428633   0.0000000000   1.0000000000
  12.2010000000   3.0313397991    52.0291952047   0.0000000000   1.0000000000
  12.1010000000   3.0024484786    51.6872995068   0.0000000000   1.0000000000
  12.0010000000   2.9735798730    51.3447494351   0.0000000000   1.0000000000
  11.9010000000   2.9447342965    51.0015385716   0.0000000000   1.0000000000
  11.8010000000   2.9159120819    50.6576605180   0.0000000000   1.0000000000
  11.7010000000   2.8871135514    50.3131085485   0.0000000000   1.0000000000
  11.6010000000   2.8583390487    49.9678759863   0.0000000000   1.0000000000
  11.5010000000   2.8295889259    49.6219560370   0.0000000000   1.0000000000
  11.4010000000   2.8008635302    49.2753416274   0.0000000000   1.0000000000
  11.3010000000   2.7721632355    48.9280257778   0.0000000000   1.0000000000
  11.2010000000   2.7434884149    48.5800012628   0.0000000000   1.0000000000
  11.1010000000   2.7148394355    48.2312605428   0.0000000000   1.0000000000
  11.0010000000   2.6862167042    47.8817963099   0.0000000000   1.0000000000
