 eps (GeV/fm^3)   P (GeV/fm^3)      s (fm^-3)    n_b (fm^-3)
   0.0003891865   0.0000809740    0.0094032096   0.0000000000
   0.0004326192   0.0000908028    0.0102631781   0.0000000000
   0.0004796510   0.0001015181    0.0111763293   0.0000000000
   0.0005304935   0.0001131739    0.0121446686   0.0000000000
   0.0005853683   0.0001258265    0.0131702745   0.0000000000
   0.0006445075   0.0001395343    0.0142553049   0.0000000000
   0.0007081545   0.0001543577    0.0154020023   0.0000000000
   0.0007765643   0.0001703596    0.0166127000   0.0000000000
   0.0008500049   0.0001876052    0.0178898288   0.0000000000
   0.0009287572   0.0002061622    0.0192359226   0.0000000000
   0.0010131166   0.0002261009    0.0206536257   0.0000000000
   0.0011033934   0.0002474943    0.0221456996   0.0000000000
   0.0011999138   0.0002704181    0.0237150297   0.0000000000
   0.0013030208   0.0002949511    0.0253646332   0.0000000000
   0.0014130755   0.0003211752    0.0270976666   0.0000000000
   0.0015304579   0.0003491753    0.0289174337   0.0000000000
   0.0016555679   0.0003790401    0.0308273943   0.0000000000
   0.0017888272   0.0004108614    0.0328311724   0.0000000000
   0.0019306795   0.0004447350    0.0349325660   0.0000000000
   0.0020815930   0.0004807604    0.0371355558   0.0000000000
   0.0022420608   0.0005190413    0.0394443162   0.0000000000
   0.0024126032   0.0005596857    0.0418632240   0.0000000000
   0.0025937687   0.0006028060    0.0443968711   0.0000000000
   0.0027861361   0.0006485193    0.0470500746   0.0000000000
   0.0029903161   0.0006969477    0.0498278888   0.0000000000
   0.0032069529   0.0007482184    0.0527356176   0.0000000000
   0.0034367268   0.0008024641    0.0557788275   0.0000000000
   0.0036803556   0.0008598232    0.0589633608   0.0000000000
   0.0039385973   0.0009204400    0.0622953496   0.0000000000
   0.0042122521   0.0009844652    0.0657812306   0.0000000000
   0.0045021648   0.0010520560    0.0694277603   0.0000000000
   0.0048092279   0.0011233766    0.0732420304   0.0000000000
   0.0051343833   0.0011985984    0.0772314851   0.0000000000
   0.0054786263   0.0012779006    0.0814039377   0.0000000000
   0.0058430074   0.0013614700    0.0857675889   0.0000000000
   0.0062286365   0.0014495023    0.0903310452   0.0000000000
   0.0066366854   0.0015422017    0.0951033385   0.0000000000
   0.0070683916   0.0016397818    0.1000939463   0.0000000000
   0.0075250618   0.0017424657    0.1053128122   0.0000000000
   0.0080080758   0.0018504870    0.1107703683   0.0000000000
   0.0085188905   0.0019640896    0.1164775573   0.0000000000
   0.0090590438   0.0020835291    0.1224458559   0.0000000000
   0.0096301591   0.0022090724    0.1286872990   0.0000000000
   0.0102339500   0.0023409989    0.1352145050   0.0000000000
   0.0108722249   0.0024796010    0.1420407013   0.0000000000
   0.0115468918   0.0026251846    0.1491797512   0.0000000000
   0.0122599638   0.0027780697    0.1566461815   0.0000000000
   0.0130135643   0.0029385912    0.1644552110   0.0000000000
   0.0138099328   0.0031070996    0.1726227799   0.0000000000
   0.0146514306   0.0032839618    0.1811655796   0.0000000000
   0.0155405468   0.0034695616    0.1901010841   0.0000000000
   0.0164799049   0.0036643009    0.1994475820   0.0000000000
   0.0174722692   0.0038686001    0.2092242089   0.0000000000
   0.0185205517   0.0040828994    0.2194509812   0.0000000000
   0.0196278193   0.0043076591    0.2301488305   0.0000000000
   0.0207973008   0.0045433613    0.2413396390   0.0000000000
   0.0220323949   0.0047905103    0.2530462752   0.0000000000
   0.0233366777   0.0050496338    0.2652926309   0.0000000000
   0.0247139114   0.0053212838    0.2781036591   0.0000000000
   0.0261680519   0.0056060380    0.2915054118   0.0000000000
   0.0277032582   0.0059045005    0.3055250794   0.0000000000
   0.0293239009   0.0062173035    0.3201910305   0.0000000000
   0.0310345716   0.0065451079    0.3355328523   0.0000000000
   0.0328400925   0.0068886048    0.3515813914   0.0000000000
   0.0347455258   0.0072485169    0.3683687959   0.0000000000
   0.0367561844   0.0076255998    0.3859285578   0.0000000000
   0.0388776413   0.0080206431    0.4042955551   0.0000000000
   0.0411157412   0.0084344720    0.4235060959   0.0000000000
   0.0434766105   0.0088679490    0.4435979623   0.0000000000
   0.0459666692   0.0093219748    0.4646104538   0.0000000000
   0.0485926416   0.0097974904    0.4865844331   0.0000000000
   0.0513615686   0.0102954783    0.5095623706   0.0000000000
   0.0542808191   0.0108169644    0.5335883897   0.0000000000
   0.0573581028   0.0113630197    0.5587083130   0.0000000000
   0.0606014823   0.0119347615    0.5849697078   0.0000000000
   0.0640193856   0.0125333560    0.6124219326   0.0000000000
   0.0676206197   0.0131600193    0.6411161831   0.0000000000
   0.0714143835   0.0138160200    0.6711055393   0.0000000000
   0.0754102810   0.0145026804    0.7024450111   0.0000000000
   0.0796183356   0.0152213790    0.7351915860   0.0000000000
   0.0840490035   0.0159735522    0.7694042746   0.0000000000
   0.0887131882   0.0167606966    0.8051441583   0.0000000000
   0.0936222548   0.0175843706    0.8424744347   0.0000000000
   0.0987880445   0.0184461973    0.8814604647   0.0000000000
   0.1042228897   0.0193478659    0.9221698184   0.0000000000
   0.1099396288   0.0202911346    0.9646723211   0.0000000000
   0.1159516212   0.0212778323    1.0090400990   0.0000000000
   0.1222727632   0.0223098613    1.0553476244   0.0000000000
   0.1289175034   0.0233891997    1.1036717613   0.0000000000
   0.1359008582   0.0245179034    1.1540918100   0.0000000000
   0.1432384280   0.0256981091    1.2066895510   0.0000000000
   0.1509464133   0.0269320364    1.2615492889   0.0000000000
   0.1590416307   0.0282219906    1.3187578963   0.0000000000
   0.1675415295   0.0295703649    1.3784048564   0.0000000000
   0.1764642082   0.0309796437    1.4405823048   0.0000000000
   0.1858284309   0.0324524046    1.5053850720   0.0000000000
   0.1956536443   0.0339913214    1.5729107237   0.0000000000
   0.2059599945   0.0355991670    1.6432596018   0.0000000000
   0.2167683439   0.0372788160    1.7165348640   0.0000000000
   0.2281002884   0.0390332474    1.7928425221   0.0000000000
   0.2399781742   0.0408655480    1.8722914814   0.0000000000
   0.2524251155   0.0427789147    1.9549935774   0.0000000000
   0.2654650114   0.0447766577    2.0410636125   0.0000000000
   0.2791225633   0.0468622037    2.1306193922   0.0000000000
   0.2934232924   0.0490390986    2.2237817598   0.0000000000
   0.3083935571   0.0513110106    2.3206746304   0.0000000000
   0.3240605703   0.0536817335    2.4214250245   0.0000000000
   0.3404524169   0.0561551898    2.5261631000   0.0000000000
   0.3575980717   0.0587354333    2.6350221836   0.0000000000
   0.3755274163   0.0614266532    2.7481388013   0.0000000000
   0.3942712567   0.0642331765    2.8656527079   0.0000000000
   0.4138613415   0.0671594719    2.9877069151   0.0000000000
   0.4343303781   0.0702101524    3.1144477191   0.0000000000
   0.4557120514   0.0733899792    3.2460247276   0.0000000000
   0.4780410403   0.0767038647    3.3825908842   0.0000000000
   0.5013530355   0.0801568760    3.5243024938   0.0000000000
   0.5256847568   0.0837542379    3.6713192452   0.0000000000
   0.5510739700   0.0875013370    3.8238042338   0.0000000000
   0.5775595046   0.0914037244    3.9819239827   0.0000000000
   0.6051812705   0.0954671197    4.1458484629   0.0000000000
   0.6339802576   0.0996974139    4.3157510089   0.0000000000
   0.6639826474   0.1041006499    4.4917151890   0.0000000000
   0.6951534126   0.1086827728    4.6734661943   0.0000000000
   0.7274468552   0.1134494002    4.8606719966   0.0000000000
   0.7608224302   0.1184058358    5.0530360114   0.0000000000
   0.7952442373   0.1235571030    5.2502933730   0.0000000000
   0.8306805661   0.1289079746    5.4522076178   0.0000000000
   0.8671034879   0.1344629999    5.6585677279   0.0000000000
   0.9044884892   0.1402265290    5.8691854959   0.0000000000
   0.9428141439   0.1462027340    6.0838931726   0.0000000000
   0.9820618175   0.1523956287    6.3025413680   0.0000000000
   1.0222154028   0.1588090858    6.5249971749   0.0000000000
   1.0632610810   0.1654468527    6.7511424928   0.0000000000
   1.1051871071   0.1723125656    6.9808725284   0.0000000000
   1.1479836177   0.1794097616    7.2140944528   0.0000000000
   1.1916424562   0.1867418910    7.4507262008   0.0000000000
   1.2361570167   0.1943123264    7.6906953932   0.0000000000
   1.2815221028   0.2021243729    7.9339383726   0.0000000000
   1.3277337996   0.2101812758    8.1803993369   0.0000000000
   1.3747893594   0.2184862280    8.4300295627   0.0000000000
   1.4226870973   0.2270423771    8.6827867076   0.0000000000
   1.4714262977   0.2358528314    8.9386341839   0.0000000000
   1.5210071291   0.2449206651    9.1975405946   0.0000000000
   1.5714305676   0.2542489233    9.4594792273   0.0000000000
   1.6226983274   0.2638406267    9.7244275984   0.0000000000
   1.6748127979   0.2736987755    9.9923670429   0.0000000000
   1.7277769868   0.2838263527   10.2632823444   0.0000000000
   1.7815944683   0.2942263281   10.5371614029   0.0000000000
   1.8362693367   0.3049016603   10.8139949343   0.0000000000
   1.8918061633   0.3158553005   11.0937761998   0.0000000000
   1.9482099585   0.3270901938   11.3765007617   0.0000000000
   2.0054861366   0.3386092823   11.6621662633   0.0000000000
   2.0636404839   0.3504155065   11.9507722294   0.0000000000
   2.1226791298   0.3625118073   12.2423198871   0.0000000000
   2.1826085209   0.3749011277   12.5368120029   0.0000000000
   2.2434353967   0.3875864142   12.8342527359   0.0000000000
   2.3051667682   0.4005706179   13.1346475051   0.0000000000
   2.3678098979   0.4138566960   13.4380028694   0.0000000000
   2.4313722820   0.4274476130   13.7443264182   0.0000000000
   2.4958616337   0.4413463411   14.0536266737   0.0000000000
   2.5612858686   0.4555558617   14.3659130011   0.0000000000
   2.6276530907   0.4700791658   14.6811955284   0.0000000000
   2.6949715803   0.4849192551   14.9994850727   0.0000000000
   2.7632497827   0.5000791421   15.3207930740   0.0000000000
   2.8324962972   0.5155618514   15.6451315353   0.0000000000
   2.9027198685   0.5313704195   15.9725129677   0.0000000000
   2.9739293777   0.5475078959   16.3029503409   0.0000000000
   3.0461338341   0.5639773433   16.6364570388   0.0000000000
   3.1193423686   0.5807818377   16.9730468182   0.0000000000
   3.1935642267   0.5979244693   17.3127337718   0.0000000000
   3.2688087625   0.6154083424   17.6555322952   0.0000000000
   3.3450854333   0.6332365760   18.0014570558   0.0000000000
   3.4224037947   0.6514123036   18.3505229655   0.0000000000
   3.5007734956   0.6699386740   18.7027451553   0.0000000000
   3.5802042743   0.6888188511   19.0581389528   0.0000000000
   3.6607059545   0.7080560143   19.4167198611   0.0000000000
   3.7422884417   0.7276533584   19.7785035402   0.0000000000
   3.8249617201   0.7476140942   20.1435057897   0.0000000000
   3.9087358495   0.7679414482   20.5117425337   0.0000000000
   3.9936209628   0.7886386628   20.8832298059   0.0000000000
   4.0796272630   0.8097089967   21.2579837378   0.0000000000
   4.1667650216   0.8311557246   21.6360205462   0.0000000000
   4.2550445759   0.8529821375   22.0173565230   0.0000000000
   4.3444763272   0.8751915428   22.4020080257   0.0000000000
   4.4350707395   0.8977872642   22.7899914685   0.0000000000
   4.5268383371   0.9207726418   23.1813233147   0.0000000000
   4.6197897039   0.9441510324   23.5760200691   0.0000000000
   4.7139354813   0.9679258091   23.9740982720   0.0000000000
   4.8092863676   0.9921003617   24.3755744928   0.0000000000
   4.9058531165   1.0166780963   24.7804653254   0.0000000000
   5.0036465358   1.0416624361   25.1887873827   0.0000000000
   5.1026774871   1.0670568204   25.6005572925   0.0000000000
   5.2029568844   1.0928647055   26.0157916938   0.0000000000
   5.3044956934   1.1190895641   26.4345072329   0.0000000000
   5.4073049309   1.1457348859   26.8567205604   0.0000000000
   5.5113956637   1.1728041767   27.2824483282   0.0000000000
   5.6167790085   1.2003009595   27.7117071871   0.0000000000
   5.7234661311   1.2282287737   28.1445137844   0.0000000000
   5.8314682456   1.2565911752   28.5808847616   0.0000000000
   5.9407966146   1.2853917369   29.0208367529   0.0000000000
   6.0514625478   1.3146340480   29.4643863831   0.0000000000
   6.1634774025   1.3443217144   29.9115502666   0.0000000000
   6.2768525827   1.3744583588   30.3623450057   0.0000000000
   6.3915995387   1.4050476202   30.8167871897   0.0000000000
   6.5077297674   1.4360931545   31.2748933935   0.0000000000
   6.6252548113   1.4675986339   31.7366801772   0.0000000000
   6.7441862585   1.4995677472   32.2021640849   0.0000000000
   6.8645357426   1.5320041999   32.6713616443   0.0000000000
   6.9863149425   1.5649117139   33.1442893657   0.0000000000
   7.1095355816   1.5982940276   33.6209637421   0.0000000000
   7.2342094287   1.6321548958   34.1014012481   0.0000000000
   7.3603482968   1.6664980899   34.5856183401   0.0000000000
   7.4879640436   1.7013273978   35.0736314556   0.0000000000
   7.6170685709   1.7366466236   35.5654570134   0.0000000000
   7.7476738249   1.7724595881   36.0611114128   0.0000000000
   7.8797917958   1.8087701282   36.5606110342   0.0000000000
   8.0134345180   1.8455820974   37.0639722382   0.0000000000
   8.1486140695   1.8828993653   37.5712113663   0.0000000000
   8.2853425723   1.9207258182   38.0823447405   0.0000000000
   8.4236321921   1.9590653583   38.5973886632   0.0000000000
   8.5634951383   1.9979219044   39.1163594176   0.0000000000
   8.7049436639   2.0372993915   39.6392732674   0.0000000000
   8.8479900656   2.0772017708   40.1661464571   0.0000000000
   8.9926466833   2.1176330096   40.6969952122   0.0000000000
   9.1389259007   2.1585970918   41.2318357391   0.0000000000
   9.2868401448   2.2000980171   41.7706842252   0.0000000000
   9.4364018861   2.2421398016   42.3135568394   0.0000000000
   9.5876236382   2.2847264775   42.8604697320   0.0000000000
   9.7405179585   2.3278620932   43.4114390350   0.0000000000
   9.8950974474   2.3715507131   43.9664808621   0.0000000000
  10.0513747488   2.4157964178   44.5256113093   0.0000000000
  10.2093625498   2.4606033040   45.0888464545   0.0000000000
  10.3690735808   2.5059754843   45.6562023585   0.0000000000
  10.5305206156   2.5519170876   46.2276950643   0.0000000000
  10.6937164712   2.5984322587   46.8033405983   0.0000000000
  10.8586740079   2.6455251584   47.3831549697   0.0000000000
  11.0254061294   2.6931999636   47.9671541711   0.0000000000
  11.1939257823   2.7414608670   48.5553541790   0.0000000000
  11.3642459570   2.7903120775   49.1477709534   0.0000000000
  11.5363796869   2.8397578198   49.7444204384   0.0000000000
  11.7103400486   2.8898023346   50.3453185627   0.0000000000
  11.8861401622   2.9404498785   50.9504812393   0.0000000000
  12.0637931910   2.9917047239   51.5599243660   0.0000000000
  12.2433123416   3.0435711593   52.1736638258   0.0000000000
  12.4247108641   3.0960534890   52.7917154866   0.0000000000
  12.6080020517   3.1491560330   53.4140952022   0.0000000000
  12.7931992410   3.2028831273   54.0408188119   0.0000000000
  12.9803158120   3.2572391238   54.6719021409   0.0000000000
  13.1693651881   3.3122283901   55.3073610008   0.0000000000
  13.3603608360   3.3678553096   55.9472111895   0.0000000000
  13.5533162659   3.4241242815   56.5914684913   0.0000000000
  13.7482450311   3.4810397209   57.2401486779   0.0000000000
  13.9451607288   3.5386060585   57.8932675074   0.0000000000
  14.1440769992   3.5968277407   58.5508407259   0.0000000000
  14.3450075262   3.6557092299   59.2128840663   0.0000000000
  14.5479660371   3.7152550041   59.8794132499   0.0000000000
  14.7529663026   3.7754695570   60.5504439854   0.0000000000
  14.9600221369   3.8363573978   61.2259919699   0.0000000000
  15.1691473979   3.8979230519   61.9060728887   0.0000000000
  15.3803559867   3.9601710598   62.5907024159   0.0000000000
  15.5936618482   4.0231059781   63.2798962140   0.0000000000
  15.8090789708   4.0867323789   63.9736699347   0.0000000000
  16.0266213863   4.1510548499   64.6720392186   0.0000000000
  16.2463031704   4.2160779944   65.3750196957   0.0000000000
  16.4681384420   4.2818064315   66.0826269857   0.0000000000
  16.6921413639   4.3482447958   66.7948766976   0.0000000000
  16.9183261425   4.4153977376   67.5117844305   0.0000000000
  17.1467070277   4.4832699226   68.2333657736   0.0000000000
  17.3772983131   4.5518660322   68.9596363061   0.0000000000
  17.6101143362   4.6211907634   69.6906115976   0.0000000000
  17.8451694779   4.6912488288   70.4263072085   0.0000000000
  18.0824781629   4.7620449565   71.1667386896   0.0000000000
  18.3220548596   4.8335838900   71.9119215827   0.0000000000
  18.5639140803   4.9058703886   72.6618714207   0.0000000000
  18.8080703807   4.9789092270   73.4166037276   0.0000000000
  19.0545383607   5.0527051954   74.1761340187   0.0000000000
  19.3033326635   5.1272630995   74.9404778009   0.0000000000
  19.5544679766   5.2025877607   75.7096505726   0.0000000000
  19.8079590308   5.2786840155   76.4836678242   0.0000000000
  20.0638206011   5.3555567163   77.2625450378   0.0000000000
  20.3220675062   5.4332107307   78.0462976877   0.0000000000
  20.5827146085   5.5116509420   78.8349412403   0.0000000000
  20.8457768146   5.5908822487   79.6284911544   0.0000000000
  21.1112690746   5.6709095649   80.4269628813   0.0000000000
  21.3792063827   5.7517378202   81.2303718648   0.0000000000
  21.6496037769   5.8333719595   82.0387335416   0.0000000000
  21.9224763393   5.9158169433   82.8520633411   0.0000000000
  22.1978391957   5.9990777474   83.6703766856   0.0000000000
  22.4757075159   6.0831593630   84.4936889907   0.0000000000
  22.7560965137   6.1680667968   85.3220156652   0.0000000000
  23.0390214468   6.2538050709   86.1553721110   0.0000000000
  23.3244976170   6.3403792228   86.9937737236   0.0000000000
  23.6125403699   6.4277943052   87.8372358921   0.0000000000
  23.9031650952   6.5160553865   88.6857739991   0.0000000000
  24.1963872266   6.6051675503   89.5394034212   0.0000000000
  24.4922222418   6.6951358956   90.3981395287   0.0000000000
  24.7906856626   6.7859655367   91.2619976859   0.0000000000
  25.0917930547   6.8776616035   92.1309932512   0.0000000000
  25.3955600281   6.9702292408   93.0051415773   0.0000000000
  25.7020022365   7.0636736093   93.8844580109   0.0000000000
  26.0111353780   7.1579998847   94.7689578933   0.0000000000
  26.3229751946   7.2532132580   95.6586565602   0.0000000000
  26.6375374725   7.3493189358   96.5535693418   0.0000000000
  26.9548380420   7.4463221399   97.4537115632   0.0000000000
  27.2748927773   7.5442281072   98.3590985439   0.0000000000
  27.5977175971   7.6430420903   99.2697455983   0.0000000000
  27.9233284640   7.7427693569  100.1856680360   0.0000000000
  28.2517413846   7.8434151899  101.1068811613   0.0000000000
  28.5829724101   7.9449848878  102.0334002736   0.0000000000
  28.9170376354   8.0474837642  102.9652406676   0.0000000000
  29.2539531999   8.1509171480  103.9024176331   0.0000000000
  29.5937352869   8.2552903835  104.8449464553   0.0000000000
  29.9364001242   8.3606088300  105.7928424149   0.0000000000
  30.2819639835   8.4668778624  106.7461207877   0.0000000000
  30.6304431809   8.5741028708  107.7047968454   0.0000000000
  30.9818540767   8.6822892604  108.6688858553   0.0000000000
  31.3362130754   8.7914424519  109.6384030801   0.0000000000
  31.6935366256   8.9015678811  110.6133637786   0.0000000000
  32.0538412204   9.0126709990  111.5937832051   0.0000000000
  32.4171433969   9.1247572722  112.5796766100   0.0000000000
  32.7834597367   9.2378321820  113.5710592397   0.0000000000
  33.1528068653   9.3519012255  114.5679463364   0.0000000000
  33.5252014530   9.4669699146  115.5703531386   0.0000000000
  33.9006602138   9.5830437767  116.5782948808   0.0000000000
  34.2791999065   9.7001283544  117.5917867938   0.0000000000
  34.6608373338   9.8182292054  118.6108441045   0.0000000000
  35.0455893429   9.9373519028  119.6354820365   0.0000000000
  35.4334728253  10.0575020348  120.6657158093   0.0000000000
  35.8245047169  10.1786852048  121.7015606393   0.0000000000
  36.2187019976  10.3009070315  122.7430317390   0.0000000000
  36.6160816920  10.4241731488  123.7901443177   0.0000000000
  37.0166608688  10.5484892057  124.8429135813   0.0000000000
  37.4204566411  10.6738608666  125.9013547322   0.0000000000
  37.8274861665  10.8002938108  126.9654829696   0.0000000000
  38.2377666467  10.9277937333  128.0353134896   0.0000000000
  38.6513153280  11.0563663437  129.1108614848   0.0000000000
  39.0681495009  11.1860173671  130.1921421450   0.0000000000
  39.4882865003  11.3167525439  131.2791706567   0.0000000000
  39.9117437055  11.4485776294  132.3719622035   0.0000000000
  40.3385385403  11.5814983944  133.4705319657   0.0000000000
  40.7686884727  11.7155206245  134.5748951210   0.0000000000
  41.2022110152  11.8506501208  135.6850668440   0.0000000000
  41.6391237247  11.9868926994  136.8010623066   0.0000000000
  42.0794442026  12.1242541917  137.9228966776   0.0000000000
  42.5231900945  12.2627404441  139.0505851234   0.0000000000
  42.9703790905  12.4023573184  140.1841428074   0.0000000000
  43.4210289253  12.5431106912  141.3235848903   0.0000000000
  43.8751573778  12.6850064547  142.4689265302   0.0000000000
  44.3327822715  12.8280505159  143.6201828828   0.0000000000
  44.7939214742  12.9722487971  144.7773691009   0.0000000000
  45.2585928982  13.1176072357  145.9405003349   0.0000000000
  45.7268145004  13.2641317845  147.1095917328   0.0000000000
  46.1986042819  13.4118284110  148.2846584399   0.0000000000
  46.6739802884  13.5607030982  149.4657155994   0.0000000000
  47.1529606101  13.7107618440  150.6527783518   0.0000000000
  47.6355633816  13.8620106618  151.8458618354   0.0000000000
  48.1218067820  14.0144555797  153.0449811862   0.0000000000
  48.6117090348  14.1681026411  154.2501515379   0.0000000000
  49.1052884082  14.3229579048  155.4613880220   0.0000000000
  49.6025632147  14.4790274443  156.6787057675   0.0000000000
  50.1035518112  14.6363173484  157.9021199017   0.0000000000
  50.6082725995  14.7948337212  159.1316455493   0.0000000000
  51.1167440255  14.9545826818  160.3672978330   0.0000000000
  51.6289845797  15.1155703642  161.6090918737   0.0000000000
  52.1450127972  15.2778029178  162.8570427898   0.0000000000
  52.6648472576  15.4412865071  164.1111656979   0.0000000000
  53.1885065849  15.6060273116  165.3714757127   0.0000000000
  53.7160094478  15.7720315259  166.6379879466   0.0000000000
  54.2473745595  15.9393053599  167.9107175104   0.0000000000
  54.7826206775  16.1078550384  169.1896795129   0.0000000000
  55.3217666041  16.2776868014  170.4748890607   0.0000000000
  55.8648311860  16.4488069041  171.7663612590   0.0000000000
  56.4118333144  16.6212216165  173.0641112108   0.0000000000
  56.9627919253  16.7949372241  174.3681540176   0.0000000000
  57.5177259990  16.9699600272  175.6785047788   0.0000000000
  58.0766545603  17.1462963414  176.9951785922   0.0000000000
  58.6395966788  17.3239524971  178.3181905539   0.0000000000
  59.2065714686  17.5029348402  179.6475557582   0.0000000000
  59.7775980881  17.6832497314  180.9832892979   0.0000000000
  60.3526957405  17.8649035466  182.3254062638   0.0000000000
  60.9318836737  18.0479026768  183.6739217453   0.0000000000
  61.5151811798  18.2322535280  185.0288508301   0.0000000000
  62.1026075958  18.4179625213  186.3902086045   0.0000000000
  62.6941823031  18.6050360931  187.7580101529   0.0000000000
  63.2899247278  18.7934806946  189.1322705584   0.0000000000
  63.8898543404  18.9833027922  190.5130049025   0.0000000000
  64.4939906562  19.1745088674  191.9002282651   0.0000000000
  65.1023532349  19.3671054168  193.2939557246   0.0000000000
  65.7149616810  19.5610989519  194.6942023582   0.0000000000
  66.3318356434  19.7564959996  196.1009832414   0.0000000000
  66.9529948158  19.9533031015  197.5143134484   0.0000000000
  67.5784589362  20.1515268146  198.9342080518   0.0000000000
  68.2082477876  20.3511737108  200.3606821230   0.0000000000
  68.8423811972  20.5522503770  201.7937507319   0.0000000000
  69.4808790371  20.7547634154  203.2334289473   0.0000000000
  70.1237612240  20.9587194431  204.6797318363   0.0000000000
  70.7710477190  21.1641250924  206.1326744649   0.0000000000
  71.4227585280  21.3709870103  207.5922718979   0.0000000000
  72.0789137015  21.5793118594  209.0585391985   0.0000000000
  72.7395333346  21.7891063170  210.5314914290   0.0000000000
  73.4046375669  22.0003770756  212.0111436501   0.0000000000
  74.0742465829  22.2131308427  213.4975109215   0.0000000000
  74.7483806115  22.4273743408  214.9906083017   0.0000000000
  75.4270599264  22.6431143077  216.4904508479   0.0000000000
  76.1103048457  22.8603574959  217.9970536160   0.0000000000
  76.7981357325  23.0791106733  219.5104316611   0.0000000000
  77.4905729941  23.2993806227  221.0306000368   0.0000000000
  78.1876370828  23.5211741419  222.5575737957   0.0000000000
  78.8893484953  23.7444980438  224.0913679893   0.0000000000
  79.5957277732  23.9693591564  225.6319976679   0.0000000000
  80.3067955026  24.1957643226  227.1794778808   0.0000000000
  81.0225723141  24.4237204006  228.7338236762   0.0000000000
  81.7430788833  24.6532342635  230.2950501012   0.0000000000
  82.4683359301  24.8843127994  231.8631722019   0.0000000000
  83.1983642193  25.1169629115  233.4382050234   0.0000000000
  83.9331845604  25.3511915180  235.0201636095   0.0000000000
  84.6728178073  25.5870055523  236.6090630034   0.0000000000
  85.4172848587  25.8244119627  238.2049182470   0.0000000000
  86.1666066580  26.0634177124  239.8077443813   0.0000000000
  86.9208041933  26.3040297801  241.4175564464   0.0000000000
  87.6798984973  26.5462551590  243.0343694814   0.0000000000
  88.4439106473  26.7901008577  244.6581985244   0.0000000000
  89.2128617654  27.0355738997  246.2890586127   0.0000000000
  89.9867730184  27.2826813236  247.9269647823   0.0000000000
  90.7656656176  27.5314301830  249.5719320689   0.0000000000
  91.5495608192  27.7818275465  251.2239755067   0.0000000000
  92.3384799239  28.0338804977  252.8831101294   0.0000000000
  93.1324442771  28.2875961355  254.5493509697   0.0000000000
  93.9314752690  28.5429815734  256.2227130594   0.0000000000
  94.7355943343  28.8000439404  257.9032114294   0.0000000000
  95.5448229527  29.0587903801  259.5908611099   0.0000000000
  96.3591826483  29.3192280514  261.2856771302   0.0000000000
  97.1786949900  29.5813641281  262.9876745188   0.0000000000
  98.0033815913  29.8452057992  264.6968683032   0.0000000000
  98.8332641105  30.1107602685  266.4132735104   0.0000000000
  99.6683642507  30.3780347550  268.1369051664   0.0000000000
 100.5087037594  30.6470364927  269.8677782964   0.0000000000
 101.3543044290  30.9177727305  271.6059079250   0.0000000000
 102.2051880966  31.1902507324  273.3513090758   0.0000000000
 103.0613766440  31.4644777775  275.1039967718   0.0000000000
 103.9228919976  31.7404611598  276.8639860354   0.0000000000
 104.7897561285  32.0182081884  278.6312918878   0.0000000000
 105.6619910528  32.2977261874  280.4059293499   0.0000000000
 106.5396188308  32.5790224960  282.1879134418   0.0000000000
 107.4226615681  32.8621044682  283.9772591827   0.0000000000
 108.3111414145  33.1469794732  285.7739815913   0.0000000000
 109.2050805647  33.4336548953  287.5780956854   0.0000000000
 110.1045012583  33.7221381335  289.3896164824   0.0000000000
 111.0094257793  34.0124366021  291.2085589988   0.0000000000
 111.9198764566  34.3045577304  293.0349382505   0.0000000000
 112.8358756638  34.5985089625  294.8687692527   0.0000000000
 113.7574458192  34.8942977578  296.7100670199   0.0000000000
 114.6846093857  35.1919315905  298.5588465662   0.0000000000
 115.6173888713  35.4914179499  300.4151229049   0.0000000000
 116.5558068282  35.7927643403  302.2789110485   0.0000000000
 117.4998858537  36.0959782809  304.1502260091   0.0000000000
 118.4496485896  36.4010673062  306.0290827982   0.0000000000
 119.4051177228  36.7080389655  307.9154964265   0.0000000000
 120.3663159844  37.0169008230  309.8094819043   0.0000000000
 121.3332661505  37.3276604582  311.7110542412   0.0000000000
 122.3059910421  37.6403254655  313.6202284462   0.0000000000
 123.2845135247  37.9549034541  315.5370195279   0.0000000000
 124.2688565084  38.2714020485  317.4614424939   0.0000000000
 125.2590429484  38.5898288880  319.3935123518   0.0000000000
 126.2550958445  38.9101916271  321.3332441082   0.0000000000
 127.2570382410  39.2324979352  323.2806527693   0.0000000000
 128.2648932272  39.5567554967  325.2357533409   0.0000000000
 129.2786839371  39.8829720109  327.1985608279   0.0000000000
 130.2984335494  40.2111551923  329.1690902349   0.0000000000
 131.3241652875  40.5413127703  331.1473565662   0.0000000000
 132.3559024196  40.8734524894  333.1333748250   0.0000000000
 133.3936682586  41.2075821089  335.1271600145   0.0000000000
 134.4374861622  41.5437094034  337.1287271372   0.0000000000
 135.4873795328  41.8818421622  339.1380911950   0.0000000000
 136.5433718175  42.2219881898  341.1552671895   0.0000000000
 137.6054865083  42.5641553056  343.1802701216   0.0000000000
 138.6737471418  42.9083513440  345.2131149919   0.0000000000
 139.7481772993  43.2545841545  347.2538168004   0.0000000000
 140.8288006071  43.6028616016  349.3023905467   0.0000000000
 141.9156407360  43.9531915646  351.3588512298   0.0000000000
 143.0087214016  44.3055819380  353.4232138484   0.0000000000
 144.1080663644  44.6600406313  355.4954934006   0.0000000000
 145.2136994296  45.0165755688  357.5757048841   0.0000000000
 146.3256444469  45.3751946900  359.6638632963   0.0000000000
 147.4439253111  45.7359059494  361.7599836338   0.0000000000
 148.5685659616  46.0987173162  363.8640808931   0.0000000000
 149.6995903825  46.4636367751  365.9761700701   0.0000000000
 150.8370226028  46.8306723254  368.0962661604   0.0000000000
 151.9808866961  47.1998319814  370.2243841589   0.0000000000
 153.1312067809  47.5711237726  372.3605390604   0.0000000000
 154.2880070204  47.9445557435  374.5047458590   0.0000000000
 155.4513116225  48.3201359533  376.6570195487   0.0000000000
 156.6211448400  48.6978724765  378.8173751228   0.0000000000
 157.7975309704  49.0777734025  380.9858275744   0.0000000000
 158.9804943558  49.4598468357  383.1623918961   0.0000000000
 160.1700593834  49.8441008953  385.3470830801   0.0000000000
 161.3662504848  50.2305437158  387.5399161182   0.0000000000
 162.5690921366  50.6191834465  389.7409060020   0.0000000000
 163.7786088602  51.0100282517  391.9500677224   0.0000000000
 164.9948252215  51.4030863109  394.1674162703   0.0000000000
 166.2177658315  51.7983658182  396.3929666358   0.0000000000
 167.4474553457  52.1958749831  398.6267338090   0.0000000000
 168.6839184646  52.5956220297  400.8687327795   0.0000000000
 169.9271799331  52.9976151975  403.1189785365   0.0000000000
 171.1772645414  53.4018627407  405.3774860688   0.0000000000
 172.4341971240  53.8083729286  407.6442703650   0.0000000000
 173.6980025604  54.2171540454  409.9193464133   0.0000000000
 174.9687057749  54.6282143903  412.2027292015   0.0000000000
 176.2463317364  55.0415622777  414.4944337170   0.0000000000
 177.5309054587  55.4572060367  416.7944749471   0.0000000000
 178.8224520005  55.8751540115  419.1028678785   0.0000000000
 180.1209964649  56.2954145613  421.4196274977   0.0000000000
 181.4265640001  56.7179960604  423.7447687909   0.0000000000
 182.7391797990  57.1429068978  426.0783067439   0.0000000000
 184.0588690993  57.5701554778  428.4202563422   0.0000000000
 185.3856571833  57.9997502194  430.7706325711   0.0000000000
 186.7195693783  58.4316995568  433.1294504153   0.0000000000
 188.0606310563  58.8660119391  435.4967248595   0.0000000000
 189.4088676340  59.3026958303  437.8724708879   0.0000000000
 190.7643045730  59.7417597097  440.2567034845   0.0000000000
 192.1269673797  60.1832120712  442.6494376330   0.0000000000
 193.4968816050  60.6270614238  445.0506883167   0.0000000000
 194.8740728450  61.0733162916  447.4604705187   0.0000000000
 196.2585667404  61.5219852137  449.8787992217   0.0000000000
 197.6503889765  61.9730767439  452.3056894083   0.0000000000
 199.0495652836  62.4265994513  454.7411560607   0.0000000000
 200.4561214367  62.8825619198  457.1852141607   0.0000000000
 201.8700832557  63.3409727484  459.6378786901   0.0000000000
 203.2914766052  63.8018405510  462.0991646301   0.0000000000
 204.7203273945  64.2651739565  464.5690869619   0.0000000000
 206.1566615777  64.7309816087  467.0476606664   0.0000000000
 207.6005051540  65.1992721666  469.5349007240   0.0000000000
 209.0518841670  65.6700543040  472.0308221150   0.0000000000
 210.5108247052  66.1433367096  474.5354398195   0.0000000000
 211.9773529019  66.6191280874  477.0487688173   0.0000000000
 213.4514949354  67.0974371560  479.5708240878   0.0000000000
 214.9332770284  67.5782726493  482.1016206104   0.0000000000
 216.4227254487  68.0616433160  484.6411733639   0.0000000000
 217.9198665087  68.5475579198  487.1894973273   0.0000000000
 219.4247265657  69.0360252394  489.7466074789   0.0000000000
 220.9373320218  69.5270540684  492.3125187971   0.0000000000
 222.4577093239  70.0206532157  494.8872462598   0.0000000000
 223.9858849635  70.5168315047  497.4708048449   0.0000000000
 225.5218854772  71.0155977741  500.0632095299   0.0000000000
 227.0657374461  71.5169608774  502.6644752921   0.0000000000
 228.6174674963  72.0209296833  505.2746171087   0.0000000000
 230.1771022986  72.5275130753  507.8936499563   0.0000000000
 231.7446685687  73.0367199519  510.5215888118   0.0000000000
 233.3201930669  73.5485592266  513.1584486514   0.0000000000
 234.9037025985  74.0630398279  515.8042444513   0.0000000000
 236.4952240134  74.5801706992  518.4589911876   0.0000000000
 238.0947842065  75.0999607989  521.1227038359   0.0000000000
 239.7024101173  75.6224191005  523.7953973717   0.0000000000
 241.3181287303  76.1475545922  526.4770867704   0.0000000000
 242.9419670747  76.6753762776  529.1677870071   0.0000000000
 244.5739522244  77.2058931749  531.8675130566   0.0000000000
 246.2141112982  77.7391143173  534.5762798936   0.0000000000
 247.8624714598  78.2750487532  537.2941024927   0.0000000000
 249.5190599175  78.8137055459  540.0209958279   0.0000000000
 251.1839039245  79.3550937735  542.7569748735   0.0000000000
 252.8570307788  79.8992225292  545.5020546033   0.0000000000
 254.5384678232  80.4461009212  548.2562499909   0.0000000000
 256.2282424453  80.9957380727  551.0195760099   0.0000000000
 257.9263820775  81.5481431218  553.7920476335   0.0000000000
 259.6329141970  82.1033252215  556.5736798347   0.0000000000
 261.3478663258  82.6612935400  559.3644875866   0.0000000000
 263.0712660306  83.2220572602  562.1644858617   0.0000000000
 264.8031409231  83.7856255802  564.9736896326   0.0000000000
 266.5435186598  84.3520077129  567.7921138717   0.0000000000
 268.2924269417  84.9212128864  570.6197735511   0.0000000000
 270.0498935150  85.4932503435  573.4566836428   0.0000000000
 271.8159461704  86.0681293422  576.3028591185   0.0000000000
 273.5906127436  86.6458591552  579.1583149499   0.0000000000
 275.3739211151  87.2264490705  582.0230661085   0.0000000000
 277.1658992099  87.8099083909  584.8971275654   0.0000000000
 278.9665749983  88.3962464341  587.7805142918   0.0000000000
 280.7759764950  88.9854725329  590.6732412586   0.0000000000
 282.5941317597  89.5775960350  593.5753234365   0.0000000000
 284.4210688969  90.1726263031  596.4867757962   0.0000000000
 286.2568160558  90.7705727150  599.4076133080   0.0000000000
 288.1014014305  91.3714446631  602.3378509423   0.0000000000
 289.9548532599  91.9752515552  605.2775036690   0.0000000000
 291.8171998278  92.5820028138  608.2265864582   0.0000000000
 293.6884694625  93.1917078765  611.1851142795   0.0000000000
 295.5686905374  93.8043761957  614.1531021027   0.0000000000
 297.4578914707  94.4200172390  617.1305648971   0.0000000000
 299.3561007252  95.0386404888  620.1175176321   0.0000000000
 301.2633468088  95.6602554426  623.1139752768   0.0000000000
 303.1796582739  96.2848716127  626.1199528002   0.0000000000
 305.1050637179  96.9124985264  629.1354651712   0.0000000000
 307.0395917831  97.5431457263  632.1605273583   0.0000000000
 308.9832711563  98.1768227694  635.1951543303   0.0000000000
 310.9361305694  98.8135392282  638.2393610554   0.0000000000
 312.8981987990  99.4533046898  641.2931625019   0.0000000000
 314.8695046665 100.0961287564  644.3565736380   0.0000000000
 316.8500770381 100.7420210453  647.4296094316   0.0000000000
 318.8399448249 101.3909911885  650.5122848505   0.0000000000
 320.8391369828 102.0430488332  653.6046148624   0.0000000000
 322.8476825124 102.6982036414  656.7066144348   0.0000000000
 324.8656104591 103.3564652902  659.8182985352   0.0000000000
 326.8929499134 104.0178434716  662.9396821308   0.0000000000
 328.9297300103 104.6823478926  666.0707801888   0.0000000000
 330.9759799297 105.3499882751  669.2116076761   0.0000000000
 333.0317288964 106.0207743561  672.3621795597   0.0000000000
 335.0970061799 106.6947158874  675.5225108062   0.0000000000
 337.1718410946 107.3718226358  678.6926163823   0.0000000000
 339.2562629997 108.0521043833  681.8725112545   0.0000000000
 341.3503012992 108.7355709264  685.0622103890   0.0000000000
 343.4539854418 109.4222320771  688.2617287522   0.0000000000
 345.5673449214 110.1120976620  691.4710813101   0.0000000000
 347.6904092762 110.8051775228  694.6902830287   0.0000000000
 349.8232080895 111.5014815161  697.9193488739   0.0000000000
 351.9657709895 112.2010195136  701.1582938113   0.0000000000
 354.1181276490 112.9038014017  704.4071328066   0.0000000000
 356.2803077858 113.6098370822  707.6658808253   0.0000000000
 358.4523411624 114.3191364714  710.9345528328   0.0000000000
 360.6342575861 115.0317095008  714.2131637942   0.0000000000
 362.8260869091 115.7475661169  717.5017286748   0.0000000000
 365.0278590284 116.4667162811  720.8002624395   0.0000000000
 367.2396038858 117.1891699698  724.1087800532   0.0000000000
 369.4613514680 117.9149371742  727.4272964809   0.0000000000
 371.6931318063 118.6440279007  730.7558266870   0.0000000000
 373.9349749771 119.3764521705  734.0943856362   0.0000000000
 376.1869111013 120.1122200198  737.4429882930   0.0000000000
 378.4489703451 120.8513415000  740.8016496217   0.0000000000
 380.7211829189 121.5938266770  744.1703845865   0.0000000000
 383.0035790784 122.3396856320  747.5492081515   0.0000000000
 385.2961891240 123.0889284611  750.9381352809   0.0000000000
 387.5990434009 123.8415652754  754.3371809384   0.0000000000
 389.9121722989 124.5976062008  757.7463600880   0.0000000000
 392.2356062531 125.3570613784  761.1656876933   0.0000000000
 394.5693757429 126.1199409640  764.5951787180   0.0000000000
 396.9135112929 126.8862551286  768.0348481254   0.0000000000
 399.2680434724 127.6560140581  771.4847108791   0.0000000000
 401.6330028955 128.4292279531  774.9447819424   0.0000000000
 404.0084202210 129.2059070297  778.4150762784   0.0000000000
 406.3943261528 129.9860615185  781.8956088503   0.0000000000
 408.7907514395 130.7697016651  785.3863946210   0.0000000000
 411.1977268744 131.5568377304  788.8874485535   0.0000000000
 413.6152832957 132.3474799899  792.3987856106   0.0000000000
 416.0434515866 133.1416387343  795.9204207550   0.0000000000
 418.4822626748 133.9393242691  799.4523689493   0.0000000000
 420.9317475331 134.7405469149  802.9946451560   0.0000000000
 423.3919371789 135.5453170071  806.5472643377   0.0000000000
 425.8628626747 136.3536448962  810.1102414566   0.0000000000
 428.3445551275 137.1655409477  813.6835914751   0.0000000000
 430.8370456894 137.9810155418  817.2673293552   0.0000000000
 433.3403655572 138.8000790740  820.8614700590   0.0000000000
 435.8545459724 139.6227419545  824.4660285486   0.0000000000
 438.3796182216 140.4490146087  828.0810197858   0.0000000000
 440.9156136361 141.2789074766  831.7064587324   0.0000000000
 443.4625635919 142.1124310137  835.3423603503   0.0000000000
 446.0204995099 142.9495956899  838.9887396009   0.0000000000
 448.5894528561 143.7904119904  842.6456114459   0.0000000000
 451.1694551408 144.6348904153  846.3129908467   0.0000000000
 453.7605379196 145.4830414796  849.9908927648   0.0000000000
 456.3627327926 146.3348757133  853.6793321613   0.0000000000
 458.9760714049 147.1904036614  857.3783239977   0.0000000000
 461.6005854465 148.0496358838  861.0878832349   0.0000000000
 464.2363066520 148.9125829553  864.8080248340   0.0000000000
 466.8832668009 149.7792554659  868.5387637561   0.0000000000
 469.5414977177 150.6496640203  872.2801149620   0.0000000000
 472.2110312715 151.5238192382  876.0320934126   0.0000000000
 474.8918993763 152.4017317545  879.7947140685   0.0000000000
 477.5841339911 153.2834122188  883.5679918905   0.0000000000
 480.2877671193 154.1688712957  887.3519418391   0.0000000000
 483.0028308097 155.0581196648  891.1465788749   0.0000000000
 485.7293571554 155.9511680208  894.9519179583   0.0000000000
 488.4673782946 156.8480270731  898.7679740497   0.0000000000
 491.2169264104 157.7487075462  902.5947621093   0.0000000000
 493.9780337305 158.6532201796  906.4322970973   0.0000000000
 496.7507325276 159.5615757277  910.2805939740   0.0000000000
 499.5350551191 160.4737849598  914.1396676993   0.0000000000
 502.3310338673 161.3898586603  918.0095332333   0.0000000000
 505.1387011794 162.3098076285  921.8902055359   0.0000000000
 507.9580895073 163.2336426787  925.7816995669   0.0000000000
 510.7892313478 164.1613746399  929.6840302861   0.0000000000
 513.6321592425 165.0930143564  933.5972126533   0.0000000000
 516.4869057779 166.0285726874  937.5212616281   0.0000000000
 519.3535035851 166.9680605069  941.4561921701   0.0000000000
 522.2319853404 167.9114887039  945.4020192387   0.0000000000
 525.1223837645 168.8588681825  949.3587577935   0.0000000000
 528.0247316234 169.8102098617  953.3264227938   0.0000000000
 530.9390617275 170.7655246752  957.3050291989   0.0000000000
 533.8654069324 171.7248235722  961.2945919680   0.0000000000
 536.8038001381 172.6881175163  965.2951260604   0.0000000000
 539.7542742899 173.6554174864  969.3066464351   0.0000000000
 542.7168623775 174.6267344762  973.3291680513   0.0000000000
 545.6915974359 175.6020794946  977.3627058678   0.0000000000
 548.6785125444 176.5814635650  981.4072748436   0.0000000000
 551.6776408276 177.5648977263  985.4628899377   0.0000000000
 554.6890154546 178.5523930319  989.5295661087   0.0000000000
 557.7126696395 179.5439605505  993.6073183154   0.0000000000
 560.7486366412 180.5396113656  997.6961615165   0.0000000000
 563.7969497634 181.5393565755 1001.7961106706   0.0000000000
 566.8576423547 182.5432072939 1005.9071807363   0.0000000000
 569.9307478084 183.5511746490 1010.0293866721   0.0000000000
 573.0162995628 184.5632697842 1014.1627434364   0.0000000000
 576.1143311009 185.5795038578 1018.3072659875   0.0000000000
 579.2248759506 186.5998880430 1022.4629692839   0.0000000000
 582.3479676846 187.6244335282 1026.6298682838   0.0000000000
 585.4836399204 188.6531515165 1030.8079779453   0.0000000000
 588.6319263205 189.6860532260 1034.9973132267   0.0000000000
 591.7928605919 190.7231498898 1039.1978890860   0.0000000000
 594.9664764869 191.7644527560 1043.4097204813   0.0000000000
 598.1528078021 192.8099730876 1047.6328223705   0.0000000000
 601.3518883794 193.8597221626 1051.8672097116   0.0000000000
 604.5637521052 194.9137112738 1056.1128974625   0.0000000000
 607.7884329110 195.9719517293 1060.3699005809   0.0000000000
 611.0259647729 197.0344548518 1064.6382340247   0.0000000000
 614.2763817120 198.1012319791 1068.9179127515   0.0000000000
 617.5397177942 199.1722944640 1073.2089517190   0.0000000000
 620.8160071300 200.2476536743 1077.5113658849   0.0000000000
 624.1052838752 201.3273209925 1081.8251702067   0.0000000000
 627.4075822299 202.4113078164 1086.1503796418   0.0000000000
 630.7229364396 203.4996255585 1090.4870091478   0.0000000000
 634.0513807940 204.5922856464 1094.8350736820   0.0000000000
 637.3929496283 205.6892995225 1099.1945882018   0.0000000000
 640.7476773219 206.7906786444 1103.5655676645   0.0000000000
 644.1155982995 207.8964344845 1107.9480270273   0.0000000000
 647.4967470305 209.0065785301 1112.3419812475   0.0000000000
 650.8911580290 210.1211222836 1116.7474452823   0.0000000000
 654.2988658541 211.2400772622 1121.1644340886   0.0000000000
 657.7199051097 212.3634549983 1125.5929626236   0.0000000000
 661.1543104444 213.4912670390 1130.0330458443   0.0000000000
 664.6021165518 214.6235249466 1134.4846987076   0.0000000000
 668.0633581703 215.7602402980 1138.9479361705   0.0000000000
 671.5380700831 216.9014246854 1143.4227731898   0.0000000000
 675.0262871181 218.0470897159 1147.9092247224   0.0000000000
 678.5280441484 219.1972470114 1152.4073057250   0.0000000000
 682.0433760916 220.3519082088 1156.9170311544   0.0000000000
 685.5723179103 221.5110849601 1161.4384159673   0.0000000000
 689.1149046118 222.6747889322 1165.9714751202   0.0000000000
 692.6711712484 223.8430318068 1170.5162235698   0.0000000000
 696.2411529171 225.0158252807 1175.0726762727   0.0000000000
 699.8248847598 226.1931810657 1179.6408481854   0.0000000000
 703.4224019632 227.3751108885 1184.2207542643   0.0000000000
 707.0337397589 228.5616264907 1188.8124094658   0.0000000000
 710.6589334233 229.7527396288 1193.4158287463   0.0000000000
 714.2980182776 230.9484620745 1198.0310270623   0.0000000000
 717.9510296879 232.1488056143 1202.6580193699   0.0000000000
 721.6180030651 233.3537820495 1207.2968206254   0.0000000000
 725.2989738649 234.5634031968 1211.9474457850   0.0000000000
 728.9939775879 235.7776808874 1216.6099098050   0.0000000000
 732.7030497796 236.9966269677 1221.2842276414   0.0000000000
 736.4262260300 238.2202532989 1225.9704142503   0.0000000000
 740.1635419744 239.4485717574 1230.6684845878   0.0000000000
 743.9150332927 240.6815942343 1235.3784536098   0.0000000000
 747.6807357096 241.9193326359 1240.1003362725   0.0000000000
 751.4606849946 243.1617988831 1244.8341475316   0.0000000000
