0.001000 0.000169 0.012809 0.000000 0.165054 0.091269
0.002000 0.000328 0.023193 0.000000 0.154049 0.100371
0.003000 0.000479 0.032876 0.000000 0.147073 0.105802
0.004000 0.000623 0.042146 0.000000 0.142060 0.109679
0.005000 0.000763 0.051132 0.000000 0.138187 0.112698
0.006000 0.000900 0.059904 0.000000 0.135055 0.115171
0.007000 0.001033 0.068503 0.000000 0.132449 0.117259
0.008000 0.001165 0.076964 0.000000 0.130216 0.119075
0.009000 0.001294 0.085299 0.000000 0.128289 0.120667
0.010000 0.001421 0.093537 0.000000 0.126579 0.122101
0.011000 0.001547 0.101677 0.000000 0.125068 0.123388
0.012000 0.001672 0.109739 0.000000 0.123701 0.124567
0.013000 0.001795 0.117729 0.000000 0.122461 0.125653
0.014000 0.001917 0.125653 0.000000 0.121329 0.126657
0.015000 0.002037 0.133515 0.000000 0.120290 0.127591
0.016000 0.002157 0.141323 0.000000 0.119330 0.128464
0.017000 0.002276 0.149080 0.000000 0.118438 0.129287
0.018000 0.002394 0.156795 0.000000 0.117601 0.130065
0.019000 0.002511 0.164456 0.000000 0.116830 0.130793
0.020000 0.002628 0.172075 0.000000 0.116107 0.131484
0.021000 0.002744 0.179664 0.000000 0.115417 0.132148
0.022000 0.002859 0.187209 0.000000 0.114773 0.132775
0.023000 0.002973 0.194718 0.000000 0.114166 0.133373
0.024000 0.003087 0.202206 0.000000 0.113579 0.133956
0.025000 0.003200 0.209643 0.000000 0.113040 0.134499
0.026000 0.003313 0.217072 0.000000 0.112508 0.135037
0.027000 0.003425 0.224450 0.000000 0.112020 0.135539
0.028000 0.003537 0.231824 0.000000 0.111535 0.136038
0.029000 0.003648 0.239148 0.000000 0.111090 0.136503
0.030000 0.003760 0.246472 0.000000 0.110646 0.136969
0.031000 0.003870 0.253747 0.000000 0.110238 0.137404
0.032000 0.003980 0.261017 0.000000 0.109833 0.137836
0.033000 0.004090 0.268256 0.000000 0.109451 0.138249
0.034000 0.004199 0.275474 0.000000 0.109083 0.138651
0.035000 0.004308 0.282686 0.000000 0.108719 0.139049
0.036000 0.004416 0.289852 0.000000 0.108385 0.139421
0.037000 0.004525 0.297019 0.000000 0.108050 0.139794
0.038000 0.004632 0.304163 0.000000 0.107729 0.140155
0.039000 0.004740 0.311278 0.000000 0.107425 0.140501
0.040000 0.004847 0.318394 0.000000 0.107121 0.140847
0.041000 0.004954 0.325482 0.000000 0.106833 0.141179
0.042000 0.005061 0.332547 0.000000 0.106557 0.141500
0.043000 0.005167 0.339612 0.000000 0.106281 0.141821
0.044000 0.005274 0.346656 0.000000 0.106016 0.142132
0.045000 0.005379 0.353671 0.000000 0.105766 0.142431
0.046000 0.005485 0.360687 0.000000 0.105516 0.142729
0.047000 0.005591 0.367699 0.000000 0.105268 0.143025
0.048000 0.005696 0.374665 0.000000 0.105041 0.143302
0.049000 0.005801 0.381632 0.000000 0.104815 0.143579
0.050000 0.005905 0.388599 0.000000 0.104588 0.143856
0.051000 0.006010 0.395543 0.000000 0.104372 0.144123
0.052000 0.006114 0.402462 0.000000 0.104166 0.144381
0.053000 0.006218 0.409381 0.000000 0.103961 0.144638
0.054000 0.006322 0.416299 0.000000 0.103756 0.144895
0.055000 0.006426 0.423190 0.000000 0.103563 0.145141
0.056000 0.006529 0.430061 0.000000 0.103377 0.145380
0.057000 0.006632 0.436932 0.000000 0.103192 0.145619
0.058000 0.006736 0.443803 0.000000 0.103006 0.145858
0.059000 0.006839 0.450656 0.000000 0.102828 0.146090
0.060000 0.006941 0.457480 0.000000 0.102661 0.146311
0.061000 0.007044 0.464304 0.000000 0.102493 0.146533
0.062000 0.007146 0.471128 0.000000 0.102326 0.146755
0.063000 0.007249 0.477953 0.000000 0.102158 0.146977
0.064000 0.007351 0.484736 0.000000 0.102005 0.147185
0.065000 0.007452 0.491514 0.000000 0.101854 0.147391
0.066000 0.007554 0.498292 0.000000 0.101703 0.147597
0.067000 0.007656 0.505070 0.000000 0.101552 0.147803
0.068000 0.007758 0.511846 0.000000 0.101402 0.148008
0.069000 0.007859 0.518578 0.000000 0.101266 0.148200
0.070000 0.007960 0.525311 0.000000 0.101129 0.148391
0.071000 0.008061 0.532043 0.000000 0.100993 0.148583
0.072000 0.008162 0.538775 0.000000 0.100857 0.148774
0.073000 0.008263 0.545508 0.000000 0.100721 0.148965
0.074000 0.008363 0.552203 0.000000 0.100596 0.149146
0.075000 0.008464 0.558891 0.000000 0.100474 0.149324
0.076000 0.008564 0.565578 0.000000 0.100352 0.149502
0.077000 0.008665 0.572266 0.000000 0.100229 0.149679
0.078000 0.008765 0.578953 0.000000 0.100107 0.149857
0.079000 0.008865 0.585632 0.000000 0.099987 0.150033
0.080000 0.008965 0.592275 0.000000 0.099877 0.150198
0.081000 0.009064 0.598918 0.000000 0.099767 0.150363
0.082000 0.009164 0.605560 0.000000 0.099657 0.150529
0.083000 0.009264 0.612203 0.000000 0.099548 0.150694
0.084000 0.009364 0.618846 0.000000 0.099438 0.150859
0.085000 0.009463 0.625483 0.000000 0.099330 0.151023
0.086000 0.009562 0.632082 0.000000 0.099231 0.151176
0.087000 0.009661 0.638681 0.000000 0.099133 0.151330
0.088000 0.009760 0.645280 0.000000 0.099034 0.151484
0.089000 0.009859 0.651879 0.000000 0.098936 0.151637
0.090000 0.009958 0.658479 0.000000 0.098837 0.151791
0.091000 0.010057 0.665078 0.000000 0.098739 0.151945
0.092000 0.010156 0.671649 0.000000 0.098647 0.152091
0.093000 0.010254 0.678205 0.000000 0.098559 0.152234
0.094000 0.010353 0.684761 0.000000 0.098471 0.152377
0.095000 0.010451 0.691317 0.000000 0.098383 0.152520
0.096000 0.010550 0.697873 0.000000 0.098295 0.152663
0.097000 0.010648 0.704429 0.000000 0.098207 0.152806
0.098000 0.010746 0.710984 0.000000 0.098119 0.152949
0.099000 0.010844 0.717513 0.000000 0.098037 0.153085
0.100000 0.010942 0.724026 0.000000 0.097959 0.153218
0.102000 0.011138 0.737052 0.000000 0.097802 0.153484
0.104000 0.011333 0.750079 0.000000 0.097645 0.153749
0.106000 0.011529 0.763100 0.000000 0.097489 0.154014
0.108000 0.011723 0.776042 0.000000 0.097349 0.154261
0.110000 0.011918 0.788985 0.000000 0.097209 0.154508
0.112000 0.012112 0.801927 0.000000 0.097070 0.154755
0.114000 0.012307 0.814868 0.000000 0.096930 0.155002
0.116000 0.012500 0.827727 0.000000 0.096807 0.155232
0.118000 0.012693 0.840586 0.000000 0.096683 0.155462
0.120000 0.012887 0.853444 0.000000 0.096559 0.155692
0.122000 0.013080 0.866303 0.000000 0.096435 0.155922
0.124000 0.013273 0.879108 0.000000 0.096321 0.156142
0.126000 0.013465 0.891884 0.000000 0.096212 0.156356
0.128000 0.013657 0.904661 0.000000 0.096102 0.156570
0.130000 0.013849 0.917438 0.000000 0.095993 0.156784
0.132000 0.014042 0.930215 0.000000 0.095884 0.156998
0.134000 0.014233 0.942911 0.000000 0.095787 0.157197
0.136000 0.014424 0.955607 0.000000 0.095691 0.157396
0.138000 0.014616 0.968302 0.000000 0.095595 0.157596
0.140000 0.014807 0.980998 0.000000 0.095499 0.157795
0.142000 0.014998 0.993694 0.000000 0.095403 0.157994
0.144000 0.015188 1.006311 0.000000 0.095318 0.158180
0.146000 0.015379 1.018927 0.000000 0.095234 0.158366
0.148000 0.015569 1.031543 0.000000 0.095150 0.158551
0.150000 0.015760 1.044158 0.000000 0.095066 0.158737
0.152000 0.015950 1.056774 0.000000 0.094982 0.158922
0.154000 0.016140 1.069343 0.000000 0.094904 0.159101
0.156000 0.016329 1.081880 0.000000 0.094831 0.159274
0.158000 0.016519 1.094416 0.000000 0.094758 0.159446
0.160000 0.016708 1.106953 0.000000 0.094685 0.159619
0.162000 0.016898 1.119489 0.000000 0.094612 0.159792
0.164000 0.017087 1.132026 0.000000 0.094539 0.159965
0.166000 0.017276 1.144500 0.000000 0.094473 0.160129
0.168000 0.017465 1.156958 0.000000 0.094410 0.160290
0.170000 0.017653 1.169416 0.000000 0.094347 0.160451
0.172000 0.017842 1.181875 0.000000 0.094284 0.160612
0.174000 0.018030 1.194333 0.000000 0.094221 0.160773
0.176000 0.018219 1.206792 0.000000 0.094158 0.160935
0.178000 0.018407 1.219204 0.000000 0.094100 0.161089
0.180000 0.018595 1.231585 0.000000 0.094047 0.161240
0.182000 0.018783 1.243967 0.000000 0.093993 0.161390
0.184000 0.018971 1.256348 0.000000 0.093939 0.161540
0.186000 0.019159 1.268729 0.000000 0.093885 0.161690
0.188000 0.019347 1.281110 0.000000 0.093831 0.161841
0.190000 0.019535 1.293492 0.000000 0.093777 0.161991
0.192000 0.019722 1.305801 0.000000 0.093731 0.162132
0.194000 0.019909 1.318106 0.000000 0.093685 0.162272
0.196000 0.020096 1.330412 0.000000 0.093640 0.162412
0.198000 0.020284 1.342717 0.000000 0.093594 0.162553
0.200000 0.020471 1.355022 0.000000 0.093549 0.162693
0.202000 0.020658 1.367327 0.000000 0.093503 0.162833
0.204000 0.020845 1.379632 0.000000 0.093458 0.162973
0.206000 0.021032 1.391876 0.000000 0.093419 0.163106
0.208000 0.021219 1.404106 0.000000 0.093381 0.163237
0.210000 0.021405 1.416336 0.000000 0.093343 0.163368
0.212000 0.021592 1.428566 0.000000 0.093305 0.163499
0.214000 0.021778 1.440796 0.000000 0.093267 0.163630
0.216000 0.021965 1.453025 0.000000 0.093229 0.163760
0.218000 0.022152 1.465255 0.000000 0.093191 0.163891
0.220000 0.022338 1.477472 0.000000 0.093155 0.164021
0.222000 0.022524 1.489628 0.000000 0.093124 0.164143
0.224000 0.022710 1.501783 0.000000 0.093093 0.164265
0.226000 0.022896 1.513939 0.000000 0.093062 0.164388
0.228000 0.023082 1.526095 0.000000 0.093031 0.164510
0.230000 0.023268 1.538250 0.000000 0.093001 0.164632
0.232000 0.023455 1.550406 0.000000 0.092970 0.164754
0.234000 0.023641 1.562561 0.000000 0.092939 0.164877
0.236000 0.023827 1.574717 0.000000 0.092908 0.164999
0.238000 0.024012 1.586799 0.000000 0.092884 0.165113
0.240000 0.024198 1.598881 0.000000 0.092859 0.165228
0.242000 0.024383 1.610964 0.000000 0.092835 0.165342
0.244000 0.024569 1.623046 0.000000 0.092810 0.165456
0.246000 0.024755 1.635128 0.000000 0.092786 0.165570
0.248000 0.024940 1.647210 0.000000 0.092762 0.165685
0.250000 0.025126 1.659292 0.000000 0.092737 0.165799
0.252000 0.025311 1.671374 0.000000 0.092713 0.165913
0.254000 0.025497 1.683439 0.000000 0.092690 0.166026
0.256000 0.025682 1.695448 0.000000 0.092671 0.166133
0.258000 0.025867 1.707458 0.000000 0.092653 0.166239
0.260000 0.026052 1.719467 0.000000 0.092634 0.166346
0.262000 0.026238 1.731477 0.000000 0.092616 0.166453
0.264000 0.026423 1.743486 0.000000 0.092597 0.166560
0.266000 0.026608 1.755496 0.000000 0.092579 0.166667
0.268000 0.026793 1.767505 0.000000 0.092560 0.166774
0.270000 0.026978 1.779515 0.000000 0.092542 0.166881
0.272000 0.027164 1.791524 0.000000 0.092523 0.166988
0.274000 0.027349 1.803471 0.000000 0.092510 0.167088
0.276000 0.027533 1.815409 0.000000 0.092497 0.167188
0.278000 0.027718 1.827346 0.000000 0.092484 0.167288
0.280000 0.027903 1.839284 0.000000 0.092470 0.167388
0.282000 0.028088 1.851222 0.000000 0.092457 0.167488
0.284000 0.028273 1.863160 0.000000 0.092444 0.167588
0.286000 0.028458 1.875098 0.000000 0.092431 0.167689
0.288000 0.028643 1.887036 0.000000 0.092418 0.167789
0.290000 0.028828 1.898974 0.000000 0.092405 0.167889
0.292000 0.029013 1.910911 0.000000 0.092392 0.167989
0.294000 0.029197 1.922787 0.000000 0.092383 0.168083
0.296000 0.029382 1.934654 0.000000 0.092375 0.168177
0.298000 0.029567 1.946521 0.000000 0.092367 0.168270
0.300000 0.029751 1.958388 0.000000 0.092359 0.168364
0.304000 0.030121 1.982122 0.000000 0.092343 0.168551
0.308000 0.030490 2.005856 0.000000 0.092327 0.168739
0.312000 0.030859 2.029590 0.000000 0.092311 0.168926
0.316000 0.031229 2.053239 0.000000 0.092300 0.169106
0.320000 0.031598 2.076833 0.000000 0.092293 0.169282
0.324000 0.031967 2.100427 0.000000 0.092286 0.169458
0.328000 0.032336 2.124021 0.000000 0.092279 0.169633
0.332000 0.032705 2.147615 0.000000 0.092272 0.169809
0.336000 0.033074 2.171209 0.000000 0.092265 0.169985
0.340000 0.033443 2.194677 0.000000 0.092266 0.170150
0.344000 0.033812 2.218133 0.000000 0.092268 0.170315
0.348000 0.034181 2.241589 0.000000 0.092269 0.170480
0.352000 0.034550 2.265044 0.000000 0.092271 0.170645
0.356000 0.034919 2.288500 0.000000 0.092272 0.170809
0.360000 0.035288 2.311956 0.000000 0.092274 0.170974
0.364000 0.035657 2.335296 0.000000 0.092282 0.171130
0.368000 0.036027 2.358615 0.000000 0.092291 0.171285
0.372000 0.036396 2.381934 0.000000 0.092301 0.171440
0.376000 0.036765 2.405253 0.000000 0.092310 0.171595
0.380000 0.037134 2.428572 0.000000 0.092320 0.171749
0.384000 0.037503 2.451891 0.000000 0.092329 0.171904
0.388000 0.037872 2.475159 0.000000 0.092341 0.172055
0.392000 0.038242 2.498342 0.000000 0.092358 0.172201
0.396000 0.038611 2.521526 0.000000 0.092375 0.172346
0.400000 0.038981 2.544710 0.000000 0.092392 0.172492
0.404000 0.039350 2.567894 0.000000 0.092408 0.172637
0.408000 0.039720 2.591078 0.000000 0.092425 0.172782
0.412000 0.040090 2.614262 0.000000 0.092442 0.172928
0.416000 0.040459 2.637378 0.000000 0.092462 0.173069
0.420000 0.040829 2.660428 0.000000 0.092486 0.173206
0.424000 0.041199 2.683478 0.000000 0.092510 0.173343
0.428000 0.041570 2.706529 0.000000 0.092533 0.173480
0.432000 0.041940 2.729579 0.000000 0.092557 0.173616
0.436000 0.042310 2.752629 0.000000 0.092580 0.173753
0.440000 0.042680 2.775679 0.000000 0.092604 0.173890
0.444000 0.043050 2.798703 0.000000 0.092629 0.174025
0.448000 0.043421 2.821621 0.000000 0.092659 0.174154
0.452000 0.043792 2.844540 0.000000 0.092689 0.174283
0.456000 0.044163 2.867458 0.000000 0.092719 0.174412
0.460000 0.044534 2.890376 0.000000 0.092749 0.174541
0.464000 0.044904 2.913294 0.000000 0.092779 0.174670
0.468000 0.045275 2.936212 0.000000 0.092809 0.174799
0.472000 0.045646 2.959130 0.000000 0.092839 0.174928
0.476000 0.046018 2.981991 0.000000 0.092872 0.175054
0.480000 0.046389 3.004779 0.000000 0.092908 0.175175
0.484000 0.046761 3.027566 0.000000 0.092944 0.175297
0.488000 0.047133 3.050354 0.000000 0.092981 0.175418
0.492000 0.047505 3.073141 0.000000 0.093017 0.175540
0.496000 0.047877 3.095929 0.000000 0.093053 0.175661
0.500000 0.048249 3.118716 0.000000 0.093089 0.175783
0.504000 0.048621 3.141504 0.000000 0.093125 0.175905
0.508000 0.048993 3.164264 0.000000 0.093162 0.176025
0.512000 0.049367 3.186922 0.000000 0.093204 0.176139
0.516000 0.049740 3.209581 0.000000 0.093246 0.176254
0.520000 0.050113 3.232239 0.000000 0.093288 0.176369
0.524000 0.050486 3.254898 0.000000 0.093330 0.176484
0.528000 0.050860 3.277556 0.000000 0.093372 0.176599
0.532000 0.051233 3.300215 0.000000 0.093413 0.176713
0.536000 0.051606 3.322873 0.000000 0.093455 0.176828
0.540000 0.051979 3.345532 0.000000 0.093497 0.176943
0.544000 0.052353 3.368126 0.000000 0.093542 0.177055
0.548000 0.052728 3.390657 0.000000 0.093589 0.177163
0.552000 0.053103 3.413188 0.000000 0.093636 0.177272
0.556000 0.053478 3.435718 0.000000 0.093684 0.177380
0.560000 0.053853 3.458249 0.000000 0.093731 0.177489
0.564000 0.054228 3.480780 0.000000 0.093778 0.177597
0.568000 0.054602 3.503311 0.000000 0.093826 0.177706
0.572000 0.054977 3.525842 0.000000 0.093873 0.177815
0.576000 0.055352 3.548373 0.000000 0.093920 0.177923
0.580000 0.055728 3.570867 0.000000 0.093969 0.178030
0.584000 0.056104 3.593271 0.000000 0.094022 0.178133
0.588000 0.056481 3.615676 0.000000 0.094074 0.178235
0.592000 0.056858 3.638081 0.000000 0.094127 0.178338
0.596000 0.057234 3.660485 0.000000 0.094179 0.178441
0.600000 0.057611 3.682890 0.000000 0.094232 0.178544
0.604000 0.057988 3.705295 0.000000 0.094284 0.178647
0.608000 0.058365 3.727699 0.000000 0.094337 0.178749
0.612000 0.058741 3.750104 0.000000 0.094390 0.178852
0.616000 0.059118 3.772509 0.000000 0.094442 0.178955
0.620000 0.059496 3.794843 0.000000 0.094498 0.179055
0.624000 0.059875 3.817123 0.000000 0.094555 0.179152
0.628000 0.060254 3.839403 0.000000 0.094613 0.179250
0.632000 0.060633 3.861683 0.000000 0.094670 0.179347
0.636000 0.061012 3.883963 0.000000 0.094728 0.179444
0.640000 0.061391 3.906242 0.000000 0.094786 0.179542
0.644000 0.061770 3.928522 0.000000 0.094843 0.179639
0.648000 0.062149 3.950802 0.000000 0.094901 0.179737
0.652000 0.062528 3.973082 0.000000 0.094958 0.179834
0.656000 0.062906 3.995362 0.000000 0.095016 0.179932
0.660000 0.063286 4.017605 0.000000 0.095075 0.180028
0.664000 0.063668 4.039761 0.000000 0.095138 0.180120
0.668000 0.064049 4.061918 0.000000 0.095200 0.180213
0.672000 0.064431 4.084074 0.000000 0.095263 0.180305
0.676000 0.064812 4.106231 0.000000 0.095325 0.180398
0.680000 0.065193 4.128387 0.000000 0.095388 0.180490
0.684000 0.065575 4.150543 0.000000 0.095450 0.180583
0.688000 0.065956 4.172700 0.000000 0.095513 0.180675
0.692000 0.066338 4.194856 0.000000 0.095575 0.180768
0.696000 0.066719 4.217013 0.000000 0.095638 0.180860
0.700000 0.067101 4.239169 0.000000 0.095700 0.180953
0.708000 0.067868 4.283300 0.000000 0.095832 0.181131
0.716000 0.068637 4.327369 0.000000 0.095967 0.181307
0.724000 0.069405 4.371437 0.000000 0.096102 0.181483
0.732000 0.070174 4.415506 0.000000 0.096236 0.181659
0.740000 0.070943 4.459575 0.000000 0.096371 0.181835
0.748000 0.071712 4.503628 0.000000 0.096506 0.182011
0.756000 0.072487 4.547455 0.000000 0.096651 0.182178
0.764000 0.073262 4.591283 0.000000 0.096795 0.182346
0.772000 0.074037 4.635110 0.000000 0.096939 0.182514
0.780000 0.074812 4.678937 0.000000 0.097083 0.182682
0.788000 0.075587 4.722764 0.000000 0.097227 0.182849
0.796000 0.076363 4.766567 0.000000 0.097372 0.183016
0.804000 0.077146 4.810156 0.000000 0.097526 0.183176
0.812000 0.077928 4.853744 0.000000 0.097679 0.183336
0.820000 0.078710 4.897333 0.000000 0.097833 0.183496
0.828000 0.079493 4.940921 0.000000 0.097986 0.183656
0.836000 0.080275 4.984510 0.000000 0.098140 0.183816
0.844000 0.081058 5.028098 0.000000 0.098293 0.183976
0.852000 0.081847 5.071485 0.000000 0.098455 0.184130
0.860000 0.082637 5.114837 0.000000 0.098618 0.184283
0.868000 0.083428 5.158189 0.000000 0.098781 0.184436
0.876000 0.084218 5.201542 0.000000 0.098944 0.184589
0.884000 0.085009 5.244894 0.000000 0.099107 0.184742
0.892000 0.085799 5.288246 0.000000 0.099270 0.184895
0.900000 0.086593 5.331524 0.000000 0.099436 0.185046
0.908000 0.087392 5.374643 0.000000 0.099608 0.185193
0.916000 0.088191 5.417761 0.000000 0.099781 0.185340
0.924000 0.088991 5.460880 0.000000 0.099953 0.185486
0.932000 0.089790 5.503998 0.000000 0.100126 0.185633
0.940000 0.090590 5.547117 0.000000 0.100298 0.185779
0.948000 0.091389 5.590235 0.000000 0.100471 0.185926
0.956000 0.092193 5.633239 0.000000 0.100648 0.186069
0.964000 0.093003 5.676127 0.000000 0.100830 0.186210
0.972000 0.093812 5.719014 0.000000 0.101012 0.186351
0.980000 0.094621 5.761901 0.000000 0.101194 0.186491
0.988000 0.095431 5.804789 0.000000 0.101376 0.186632
0.996000 0.096240 5.847676 0.000000 0.101558 0.186773
1.004000 0.097049 5.890563 0.000000 0.101741 0.186913
1.012000 0.097863 5.933363 0.000000 0.101926 0.187052
1.020000 0.098683 5.976021 0.000000 0.102118 0.187187
1.028000 0.099503 6.018680 0.000000 0.102310 0.187322
1.036000 0.100323 6.061338 0.000000 0.102502 0.187458
1.044000 0.101143 6.103997 0.000000 0.102694 0.187593
1.052000 0.101963 6.146655 0.000000 0.102886 0.187728
1.060000 0.102783 6.189314 0.000000 0.103078 0.187864
1.068000 0.103604 6.231972 0.000000 0.103270 0.187999
1.076000 0.104436 6.274407 0.000000 0.103472 0.188129
1.084000 0.105267 6.316839 0.000000 0.103674 0.188260
1.092000 0.106099 6.359271 0.000000 0.103876 0.188390
1.100000 0.106931 6.401703 0.000000 0.104078 0.188520
1.108000 0.107763 6.444135 0.000000 0.104280 0.188651
1.116000 0.108595 6.486568 0.000000 0.104482 0.188781
1.124000 0.109427 6.529000 0.000000 0.104684 0.188911
1.132000 0.110264 6.571361 0.000000 0.104889 0.189040
1.140000 0.111108 6.613569 0.000000 0.105101 0.189166
1.148000 0.111953 6.655777 0.000000 0.105314 0.189292
1.156000 0.112798 6.697986 0.000000 0.105526 0.189418
1.164000 0.113643 6.740194 0.000000 0.105738 0.189544
1.172000 0.114488 6.782402 0.000000 0.105951 0.189669
1.180000 0.115333 6.824611 0.000000 0.106163 0.189795
1.188000 0.116178 6.866819 0.000000 0.106376 0.189921
1.196000 0.117028 6.908944 0.000000 0.106592 0.190045
1.204000 0.117887 6.950931 0.000000 0.106815 0.190167
1.212000 0.118746 6.992918 0.000000 0.107038 0.190289
1.220000 0.119605 7.034905 0.000000 0.107261 0.190411
1.228000 0.120464 7.076891 0.000000 0.107484 0.190533
1.236000 0.121323 7.118878 0.000000 0.107707 0.190654
1.244000 0.122182 7.160865 0.000000 0.107930 0.190776
1.252000 0.123041 7.202851 0.000000 0.108154 0.190898
1.260000 0.123903 7.244803 0.000000 0.108378 0.191019
1.268000 0.124777 7.286570 0.000000 0.108613 0.191137
1.276000 0.125651 7.328337 0.000000 0.108847 0.191255
1.284000 0.126525 7.370105 0.000000 0.109081 0.191373
1.292000 0.127399 7.411872 0.000000 0.109315 0.191492
1.300000 0.128274 7.453640 0.000000 0.109550 0.191610
1.308000 0.129148 7.495407 0.000000 0.109784 0.191728
1.316000 0.130022 7.537174 0.000000 0.110018 0.191846
1.324000 0.130896 7.578942 0.000000 0.110252 0.191964
1.332000 0.131782 7.620558 0.000000 0.110494 0.192080
1.340000 0.132673 7.662109 0.000000 0.110740 0.192195
1.348000 0.133563 7.703659 0.000000 0.110986 0.192309
1.356000 0.134454 7.745210 0.000000 0.111232 0.192424
1.364000 0.135345 7.786760 0.000000 0.111478 0.192539
1.372000 0.136236 7.828310 0.000000 0.111723 0.192654
1.380000 0.137126 7.869861 0.000000 0.111969 0.192769
1.388000 0.138017 7.911411 0.000000 0.112215 0.192883
1.396000 0.138908 7.952962 0.000000 0.112461 0.192998
1.404000 0.139816 7.994301 0.000000 0.112718 0.193110
1.412000 0.140724 8.035636 0.000000 0.112976 0.193222
1.420000 0.141633 8.076972 0.000000 0.113234 0.193334
1.428000 0.142541 8.118307 0.000000 0.113492 0.193446
1.436000 0.143450 8.159643 0.000000 0.113750 0.193557
1.444000 0.144358 8.200979 0.000000 0.114007 0.193669
1.452000 0.145267 8.242314 0.000000 0.114265 0.193781
1.460000 0.146175 8.283650 0.000000 0.114523 0.193893
1.468000 0.147085 8.324977 0.000000 0.114781 0.194005
1.476000 0.148012 8.366100 0.000000 0.115052 0.194114
1.484000 0.148940 8.407223 0.000000 0.115322 0.194223
1.492000 0.149867 8.448346 0.000000 0.115592 0.194332
1.500000 0.150795 8.489469 0.000000 0.115863 0.194441
1.516000 0.152650 8.571715 0.000000 0.116403 0.194659
1.532000 0.154506 8.653961 0.000000 0.116944 0.194878
1.548000 0.156379 8.736022 0.000000 0.117496 0.195094
1.564000 0.158275 8.817847 0.000000 0.118063 0.195308
1.580000 0.160171 8.899672 0.000000 0.118630 0.195521
1.596000 0.162067 8.981498 0.000000 0.119196 0.195735
1.612000 0.163964 9.063323 0.000000 0.119763 0.195949
1.628000 0.165893 9.144832 0.000000 0.120350 0.196159
1.644000 0.167833 9.226241 0.000000 0.120944 0.196368
1.660000 0.169774 9.307649 0.000000 0.121538 0.196578
1.676000 0.171714 9.389058 0.000000 0.122132 0.196787
1.692000 0.173654 9.470467 0.000000 0.122726 0.196997
1.708000 0.175640 9.551469 0.000000 0.123347 0.197203
1.724000 0.177627 9.632466 0.000000 0.123969 0.197409
1.740000 0.179614 9.713462 0.000000 0.124591 0.197614
1.756000 0.181601 9.794459 0.000000 0.125212 0.197820
1.772000 0.183594 9.875403 0.000000 0.125838 0.198026
1.788000 0.185631 9.955991 0.000000 0.126489 0.198228
1.804000 0.187668 10.036579 0.000000 0.127139 0.198431
1.820000 0.189705 10.117168 0.000000 0.127790 0.198634
1.836000 0.191742 10.197756 0.000000 0.128441 0.198837
1.852000 0.193789 10.278266 0.000000 0.129097 0.199039
1.868000 0.195878 10.358450 0.000000 0.129778 0.199239
1.884000 0.197968 10.438634 0.000000 0.130458 0.199439
1.900000 0.200058 10.518818 0.000000 0.131139 0.199639
1.916000 0.202148 10.599002 0.000000 0.131819 0.199839
1.932000 0.204248 10.679108 0.000000 0.132505 0.200039
1.948000 0.206394 10.758892 0.000000 0.133216 0.200236
1.964000 0.208540 10.838676 0.000000 0.133927 0.200434
1.980000 0.210685 10.918460 0.000000 0.134638 0.200632
1.996000 0.212831 10.998243 0.000000 0.135348 0.200830
2.012000 0.214985 11.077972 0.000000 0.136064 0.201027
2.028000 0.217190 11.157360 0.000000 0.136805 0.201223
2.044000 0.219394 11.236748 0.000000 0.137546 0.201419
2.060000 0.221599 11.316136 0.000000 0.138288 0.201615
2.076000 0.223804 11.395523 0.000000 0.139029 0.201811
2.092000 0.226011 11.474897 0.000000 0.139772 0.202007
2.108000 0.228278 11.553893 0.000000 0.140544 0.202201
2.124000 0.230544 11.632888 0.000000 0.141316 0.202396
2.140000 0.232811 11.711884 0.000000 0.142089 0.202590
2.156000 0.235078 11.790879 0.000000 0.142861 0.202785
2.172000 0.237345 11.869875 0.000000 0.143633 0.202979
2.188000 0.239670 11.948524 0.000000 0.144433 0.203173
2.204000 0.242002 12.027131 0.000000 0.145236 0.203366
2.220000 0.244334 12.105738 0.000000 0.146039 0.203559
2.236000 0.246666 12.184345 0.000000 0.146842 0.203752
2.252000 0.248997 12.262952 0.000000 0.147644 0.203946
2.268000 0.251378 12.341283 0.000000 0.148469 0.204138
2.284000 0.253778 12.419505 0.000000 0.149302 0.204331
2.300000 0.256178 12.497728 0.000000 0.150135 0.204523
2.316000 0.258578 12.575950 0.000000 0.150967 0.204716
2.332000 0.260977 12.654173 0.000000 0.151800 0.204908
2.348000 0.263414 12.732196 0.000000 0.152648 0.205100
2.364000 0.265885 12.810038 0.000000 0.153510 0.205292
2.380000 0.268355 12.887879 0.000000 0.154372 0.205484
2.396000 0.270825 12.965721 0.000000 0.155233 0.205676
2.412000 0.273296 13.043562 0.000000 0.156095 0.205868
2.428000 0.275789 13.121287 0.000000 0.156965 0.206060
2.444000 0.278333 13.198751 0.000000 0.157854 0.206251
2.460000 0.280876 13.276216 0.000000 0.158743 0.206443
2.476000 0.283420 13.353680 0.000000 0.159632 0.206634
2.492000 0.285963 13.431144 0.000000 0.160521 0.206826
2.508000 0.288514 13.508575 0.000000 0.161413 0.207017
2.524000 0.291133 13.585666 0.000000 0.162327 0.207209
2.540000 0.293751 13.662757 0.000000 0.163241 0.207400
2.556000 0.296370 13.739848 0.000000 0.164155 0.207591
2.572000 0.298989 13.816938 0.000000 0.165069 0.207783
2.588000 0.301608 13.894029 0.000000 0.165983 0.207974
2.604000 0.304294 13.970800 0.000000 0.166916 0.208166
2.620000 0.306991 14.047521 0.000000 0.167853 0.208357
2.636000 0.309687 14.124242 0.000000 0.168789 0.208548
2.652000 0.312384 14.200963 0.000000 0.169726 0.208740
2.668000 0.315080 14.277683 0.000000 0.170662 0.208931
2.684000 0.317827 14.354169 0.000000 0.171611 0.209123
2.700000 0.320603 14.430524 0.000000 0.172566 0.209314
2.716000 0.323378 14.506878 0.000000 0.173522 0.209506
2.732000 0.326154 14.583232 0.000000 0.174477 0.209698
2.748000 0.328930 14.659587 0.000000 0.175433 0.209889
2.764000 0.331739 14.735788 0.000000 0.176395 0.210081
2.780000 0.334595 14.811779 0.000000 0.177365 0.210273
2.796000 0.337451 14.887771 0.000000 0.178336 0.210465
2.812000 0.340307 14.963762 0.000000 0.179306 0.210657
2.828000 0.343163 15.039753 0.000000 0.180277 0.210849
2.844000 0.346036 15.115669 0.000000 0.181250 0.211041
2.860000 0.348974 15.191300 0.000000 0.182231 0.211233
2.876000 0.351911 15.266932 0.000000 0.183212 0.211425
2.892000 0.354849 15.342564 0.000000 0.184193 0.211618
2.908000 0.357786 15.418196 0.000000 0.185175 0.211810
2.924000 0.360724 15.493824 0.000000 0.186156 0.212002
2.940000 0.363744 15.569099 0.000000 0.187143 0.212195
2.956000 0.366763 15.644375 0.000000 0.188130 0.212388
2.972000 0.369782 15.719651 0.000000 0.189117 0.212580
2.988000 0.372802 15.794927 0.000000 0.190104 0.212773
3.004000 0.375821 15.870202 0.000000 0.191091 0.212966
3.020000 0.378908 15.945188 0.000000 0.192078 0.213159
3.036000 0.382009 16.020111 0.000000 0.193065 0.213352
3.052000 0.385110 16.095034 0.000000 0.194053 0.213545
3.068000 0.388212 16.169957 0.000000 0.195040 0.213738
3.084000 0.391313 16.244879 0.000000 0.196027 0.213931
3.100000 0.394467 16.319577 0.000000 0.197011 0.214125
3.132000 0.400833 16.468724 0.000000 0.198976 0.214512
3.164000 0.407198 16.617871 0.000000 0.200941 0.214899
3.196000 0.413684 16.766506 0.000000 0.202889 0.215287
3.228000 0.420211 16.914960 0.000000 0.204832 0.215675
3.260000 0.426764 17.063304 0.000000 0.206770 0.216063
3.292000 0.433450 17.211072 0.000000 0.208680 0.216451
3.324000 0.440137 17.358840 0.000000 0.210591 0.216840
3.356000 0.446914 17.506209 0.000000 0.212476 0.217229
3.388000 0.453756 17.653298 0.000000 0.214343 0.217618
3.420000 0.460601 17.800375 0.000000 0.216209 0.218007
3.452000 0.467594 17.946790 0.000000 0.218022 0.218396
3.484000 0.474588 18.093205 0.000000 0.219836 0.218785
3.516000 0.481647 18.239321 0.000000 0.221621 0.219174
3.548000 0.488787 18.385069 0.000000 0.223372 0.219564
3.580000 0.495927 18.530817 0.000000 0.225123 0.219953
3.612000 0.503191 18.675983 0.000000 0.226811 0.220342
3.644000 0.510473 18.821070 0.000000 0.228492 0.220731
3.676000 0.517796 18.965954 0.000000 0.230148 0.221120
3.708000 0.525212 19.110386 0.000000 0.231751 0.221509
3.740000 0.532628 19.254817 0.000000 0.233354 0.221897
3.772000 0.540140 19.398771 0.000000 0.234897 0.222285
3.804000 0.547685 19.542553 0.000000 0.236418 0.222673
3.836000 0.555249 19.686234 0.000000 0.237926 0.223061
3.868000 0.562917 19.829373 0.000000 0.239361 0.223448
3.900000 0.570584 19.972513 0.000000 0.240797 0.223834
3.932000 0.578317 20.115287 0.000000 0.242182 0.224220
3.964000 0.586100 20.257789 0.000000 0.243530 0.224606
3.996000 0.593883 20.400290 0.000000 0.244877 0.224991
4.028000 0.601772 20.542175 0.000000 0.246138 0.225375
4.060000 0.609663 20.684044 0.000000 0.247398 0.225758
4.092000 0.617592 20.825682 0.000000 0.248624 0.226141
4.124000 0.625584 20.966926 0.000000 0.249796 0.226523
4.156000 0.633577 21.108169 0.000000 0.250967 0.226905
4.188000 0.641641 21.248947 0.000000 0.252074 0.227285
4.220000 0.649729 21.389569 0.000000 0.253159 0.227665
4.252000 0.657826 21.530120 0.000000 0.254235 0.228044
4.284000 0.666002 21.670128 0.000000 0.255237 0.228421
4.316000 0.674178 21.810135 0.000000 0.256239 0.228798
4.348000 0.682392 21.949860 0.000000 0.257204 0.229174
4.380000 0.690649 22.089257 0.000000 0.258126 0.229549
4.412000 0.698907 22.228655 0.000000 0.259048 0.229923
4.444000 0.707225 22.367572 0.000000 0.259910 0.230295
4.476000 0.715558 22.506365 0.000000 0.260757 0.230667
4.508000 0.723899 22.645096 0.000000 0.261596 0.231038
4.540000 0.732302 22.783290 0.000000 0.262371 0.231407
4.572000 0.740705 22.921484 0.000000 0.263147 0.231776
4.604000 0.749134 23.059445 0.000000 0.263896 0.232143
4.636000 0.757602 23.197045 0.000000 0.264605 0.232508
4.668000 0.766070 23.334645 0.000000 0.265314 0.232874
4.700000 0.774577 23.471859 0.000000 0.265982 0.233237
4.732000 0.783104 23.608870 0.000000 0.266630 0.233599
4.764000 0.791632 23.745881 0.000000 0.267277 0.233961
4.796000 0.800208 23.882370 0.000000 0.267874 0.234320
4.828000 0.808791 24.018797 0.000000 0.268465 0.234679
4.860000 0.817378 24.155163 0.000000 0.269050 0.235037
4.892000 0.826011 24.291011 0.000000 0.269589 0.235392
4.924000 0.834644 24.426859 0.000000 0.270128 0.235748
4.956000 0.843291 24.562541 0.000000 0.270653 0.236102
4.988000 0.851970 24.697815 0.000000 0.271145 0.236453
5.020000 0.860650 24.833089 0.000000 0.271636 0.236805
5.052000 0.869348 24.968110 0.000000 0.272109 0.237154
5.084000 0.878071 25.102815 0.000000 0.272558 0.237502
5.116000 0.886793 25.237520 0.000000 0.273007 0.237850
5.148000 0.895538 25.371904 0.000000 0.273434 0.238196
5.180000 0.904300 25.506044 0.000000 0.273844 0.238540
5.212000 0.913063 25.640184 0.000000 0.274254 0.238884
5.244000 0.921849 25.773954 0.000000 0.274641 0.239225
5.276000 0.930648 25.907535 0.000000 0.275017 0.239565
5.308000 0.939447 26.041115 0.000000 0.275392 0.239906
5.340000 0.948270 26.174295 0.000000 0.275745 0.240243
5.372000 0.957103 26.307320 0.000000 0.276089 0.240580
5.404000 0.965935 26.440346 0.000000 0.276433 0.240916
5.436000 0.974792 26.572958 0.000000 0.276757 0.241250
5.468000 0.983656 26.705433 0.000000 0.277073 0.241582
5.500000 0.992520 26.837908 0.000000 0.277389 0.241915
5.532000 1.001407 26.969977 0.000000 0.277687 0.242245
5.564000 1.010300 27.101906 0.000000 0.277978 0.242573
5.596000 1.019194 27.233836 0.000000 0.278269 0.242902
5.628000 1.028107 27.365385 0.000000 0.278545 0.243228
5.660000 1.037028 27.496772 0.000000 0.278813 0.243553
5.692000 1.045949 27.628160 0.000000 0.279082 0.243878
5.724000 1.054886 27.759212 0.000000 0.279339 0.244201
5.756000 1.063832 27.890063 0.000000 0.279588 0.244522
5.788000 1.072779 28.020914 0.000000 0.279837 0.244843
5.820000 1.081738 28.151493 0.000000 0.280076 0.245162
5.852000 1.090708 28.281811 0.000000 0.280308 0.245480
5.884000 1.099679 28.412129 0.000000 0.280539 0.245797
5.916000 1.108658 28.542257 0.000000 0.280764 0.246113
5.948000 1.117651 28.672047 0.000000 0.280979 0.246426
5.980000 1.126644 28.801837 0.000000 0.281195 0.246740
6.012000 1.135641 28.931537 0.000000 0.281408 0.247053
6.044000 1.144655 29.060803 0.000000 0.281609 0.247363
6.076000 1.153670 29.190069 0.000000 0.281810 0.247673
6.108000 1.162685 29.319335 0.000000 0.282011 0.247982
6.140000 1.171718 29.448111 0.000000 0.282200 0.248289
6.172000 1.180753 29.576857 0.000000 0.282389 0.248595
6.204000 1.189788 29.705603 0.000000 0.282577 0.248901
6.236000 1.198835 29.834000 0.000000 0.282758 0.249204
6.268000 1.207889 29.962231 0.000000 0.282935 0.249507
6.300000 1.216943 30.090461 0.000000 0.283113 0.249809
6.364000 1.235076 30.346221 0.000000 0.283453 0.250409
6.428000 1.253221 30.601647 0.000000 0.283787 0.251007
6.492000 1.271401 30.856070 0.000000 0.284103 0.251597
6.556000 1.289591 31.110173 0.000000 0.284414 0.252185
6.620000 1.307804 31.363589 0.000000 0.284713 0.252768
6.684000 1.326037 31.616403 0.000000 0.285004 0.253348
6.748000 1.344282 31.868820 0.000000 0.285289 0.253924
6.812000 1.362554 32.120376 0.000000 0.285562 0.254494
6.876000 1.380834 32.371693 0.000000 0.285832 0.255063
6.940000 1.399140 32.622135 0.000000 0.286091 0.255625
7.004000 1.417456 32.872252 0.000000 0.286347 0.256185
7.068000 1.435791 33.121719 0.000000 0.286595 0.256741
7.132000 1.454142 33.370668 0.000000 0.286838 0.257293
7.196000 1.472505 33.619167 0.000000 0.287077 0.257842
7.260000 1.490888 33.866980 0.000000 0.287308 0.258387
7.324000 1.509279 34.114518 0.000000 0.287537 0.258929
7.388000 1.527693 34.361227 0.000000 0.287759 0.259466
7.452000 1.546111 34.607807 0.000000 0.287979 0.260002
7.516000 1.564554 34.853445 0.000000 0.288192 0.260532
7.580000 1.583001 35.098974 0.000000 0.288403 0.261061
7.644000 1.601470 35.343674 0.000000 0.288609 0.261584
7.708000 1.619944 35.588182 0.000000 0.288813 0.262107
7.772000 1.638437 35.831950 0.000000 0.289011 0.262624
7.836000 1.656938 36.075465 0.000000 0.289208 0.263140
7.900000 1.675456 36.318309 0.000000 0.289400 0.263651
7.964000 1.693981 36.560862 0.000000 0.289590 0.264160
8.028000 1.712523 36.802788 0.000000 0.289777 0.264665
8.092000 1.731073 37.044407 0.000000 0.289961 0.265168
8.156000 1.749638 37.285422 0.000000 0.290142 0.265668
8.220000 1.768211 37.526135 0.000000 0.290321 0.266165
8.284000 1.786799 37.766246 0.000000 0.290496 0.266658
8.348000 1.805394 38.006081 0.000000 0.290670 0.267150
8.412000 1.824005 38.245296 0.000000 0.290840 0.267638
8.476000 1.842622 38.484281 0.000000 0.291010 0.268124
8.540000 1.861255 38.722605 0.000000 0.291175 0.268606
8.604000 1.879891 38.960766 0.000000 0.291340 0.269087
8.668000 1.898546 39.198206 0.000000 0.291501 0.269564
8.732000 1.917203 39.435572 0.000000 0.291662 0.270040
8.796000 1.935879 39.672135 0.000000 0.291819 0.270511
8.860000 1.954555 39.908697 0.000000 0.291976 0.270982
8.924000 1.973252 40.144422 0.000000 0.292129 0.271448
8.988000 1.991949 40.380114 0.000000 0.292282 0.271914
9.052000 2.010663 40.615102 0.000000 0.292432 0.272375
9.116000 2.029382 40.849929 0.000000 0.292581 0.272836
9.180000 2.048113 41.084205 0.000000 0.292727 0.273293
9.244000 2.066852 41.318174 0.000000 0.292872 0.273748
9.308000 2.085600 41.551764 0.000000 0.293016 0.274201
9.372000 2.104359 41.784881 0.000000 0.293158 0.274651
9.436000 2.123122 42.017810 0.000000 0.293298 0.275099
9.500000 2.141901 42.250081 0.000000 0.293436 0.275544
9.564000 2.160680 42.482353 0.000000 0.293575 0.275989
9.628000 2.179479 42.713805 0.000000 0.293709 0.276429
9.692000 2.198278 42.945237 0.000000 0.293844 0.276869
9.756000 2.217090 43.176083 0.000000 0.293977 0.277306
9.820000 2.235908 43.406682 0.000000 0.294108 0.277741
9.884000 2.254734 43.636946 0.000000 0.294238 0.278174
9.948000 2.273572 43.866716 0.000000 0.294367 0.278604
10.012000 2.292411 44.096422 0.000000 0.294495 0.279034
10.076000 2.311267 44.325371 0.000000 0.294621 0.279459
10.140000 2.330124 44.554320 0.000000 0.294746 0.279885
10.204000 2.348994 44.782675 0.000000 0.294869 0.280307
10.268000 2.367869 45.010808 0.000000 0.294992 0.280727
10.332000 2.386751 45.238657 0.000000 0.295113 0.281146
10.396000 2.405645 45.465980 0.000000 0.295233 0.281562
10.460000 2.424539 45.693303 0.000000 0.295353 0.281978
10.524000 2.443450 45.919864 0.000000 0.295470 0.282390
10.588000 2.462362 46.146383 0.000000 0.295587 0.282802
10.652000 2.481283 46.372488 0.000000 0.295702 0.283211
10.716000 2.500213 46.598209 0.000000 0.295816 0.283618
10.780000 2.519145 46.823881 0.000000 0.295931 0.284025
10.844000 2.538093 47.048808 0.000000 0.296042 0.284427
10.908000 2.557041 47.273735 0.000000 0.296154 0.284830
10.972000 2.575999 47.498208 0.000000 0.296264 0.285230
11.036000 2.594964 47.722348 0.000000 0.296373 0.285628
11.100000 2.613931 47.946437 0.000000 0.296483 0.286026
11.164000 2.632914 48.169795 0.000000 0.296589 0.286420
11.228000 2.651897 48.393153 0.000000 0.296696 0.286814
11.292000 2.670890 48.616102 0.000000 0.296802 0.287205
11.356000 2.689890 48.838683 0.000000 0.296906 0.287595
11.420000 2.708890 49.061264 0.000000 0.297010 0.287984
11.484000 2.727907 49.283105 0.000000 0.297113 0.288370
11.548000 2.746924 49.504915 0.000000 0.297215 0.288756
11.612000 2.765948 49.726445 0.000000 0.297316 0.289139
11.676000 2.784982 49.947489 0.000000 0.297416 0.289521
11.740000 2.804017 50.168534 0.000000 0.297516 0.289902
11.804000 2.823063 50.389012 0.000000 0.297614 0.290280
11.868000 2.842114 50.609296 0.000000 0.297712 0.290658
11.932000 2.861167 50.829510 0.000000 0.297809 0.291035
11.996000 2.880234 51.049038 0.000000 0.297905 0.291408
12.060000 2.899301 51.268566 0.000000 0.298000 0.291781
12.124000 2.918376 51.487784 0.000000 0.298095 0.292153
12.188000 2.937459 51.706562 0.000000 0.298189 0.292522
12.252000 2.956543 51.925340 0.000000 0.298282 0.292891
12.316000 2.975638 52.143592 0.000000 0.298374 0.293258
12.380000 2.994738 52.361625 0.000000 0.298466 0.293623
12.444000 3.013838 52.579658 0.000000 0.298557 0.293989
12.508000 3.032953 52.796974 0.000000 0.298647 0.294351
12.572000 3.052069 53.014267 0.000000 0.298737 0.294712
12.636000 3.071188 53.231410 0.000000 0.298826 0.295073
12.700000 3.090320 53.447968 0.000000 0.298913 0.295431
12.828000 3.128589 53.880785 0.000000 0.299088 0.296145
12.956000 3.166883 54.312440 0.000000 0.299260 0.296853
13.084000 3.205202 54.742947 0.000000 0.299428 0.297555
13.212000 3.243538 55.172625 0.000000 0.299595 0.298253
13.340000 3.281894 55.601390 0.000000 0.299760 0.298947
13.468000 3.320277 56.028833 0.000000 0.299921 0.299634
13.596000 3.358677 56.455503 0.000000 0.300080 0.300317
13.724000 3.397093 56.881415 0.000000 0.300238 0.300996
13.852000 3.435538 57.305922 0.000000 0.300392 0.301669
13.980000 3.473998 57.729711 0.000000 0.300545 0.302337
14.108000 3.512473 58.152801 0.000000 0.300696 0.303003
14.236000 3.550976 58.574504 0.000000 0.300844 0.303662
14.364000 3.589494 58.995534 0.000000 0.300991 0.304317
14.492000 3.628026 59.415853 0.000000 0.301136 0.304969
14.620000 3.666585 59.834862 0.000000 0.301278 0.305615
14.748000 3.705156 60.253254 0.000000 0.301419 0.306258
14.876000 3.743745 60.670831 0.000000 0.301558 0.306897
15.004000 3.782357 61.087270 0.000000 0.301695 0.307530
15.132000 3.820980 61.503142 0.000000 0.301831 0.308161
15.260000 3.859623 61.918013 0.000000 0.301965 0.308788
15.388000 3.898285 62.331998 0.000000 0.302096 0.309410
15.516000 3.936957 62.745465 0.000000 0.302227 0.310029
15.644000 3.975655 63.157665 0.000000 0.302356 0.310643
15.772000 4.014363 63.569310 0.000000 0.302483 0.311255
15.900000 4.053088 63.980187 0.000000 0.302608 0.311862
16.028000 4.091832 64.390047 0.000000 0.302732 0.312465
16.156000 4.130586 64.799464 0.000000 0.302855 0.313067
16.284000 4.169363 65.207720 0.000000 0.302976 0.313662
16.412000 4.208151 65.615414 0.000000 0.303096 0.314256
16.540000 4.246953 66.022372 0.000000 0.303214 0.314846
16.668000 4.285775 66.428378 0.000000 0.303331 0.315432
16.796000 4.324603 66.834013 0.000000 0.303447 0.316016
16.924000 4.363457 67.238400 0.000000 0.303561 0.316594
17.052000 4.402318 67.642408 0.000000 0.303674 0.317171
17.180000 4.441196 68.045522 0.000000 0.303785 0.317744
17.308000 4.480088 68.447937 0.000000 0.303896 0.318314
17.436000 4.518991 68.849786 0.000000 0.304005 0.318881
17.564000 4.557914 69.250640 0.000000 0.304113 0.319445
17.692000 4.596842 69.651218 0.000000 0.304220 0.320006
17.820000 4.635794 70.050560 0.000000 0.304325 0.320563
17.948000 4.674752 70.449635 0.000000 0.304430 0.321118
18.076000 4.713728 70.847736 0.000000 0.304533 0.321670
18.204000 4.752713 71.245342 0.000000 0.304635 0.322219
18.332000 4.791713 71.642208 0.000000 0.304736 0.322765
18.460000 4.830727 72.038376 0.000000 0.304837 0.323308
18.588000 4.869750 72.434016 0.000000 0.304936 0.323849
18.716000 4.908791 72.828779 0.000000 0.305034 0.324386
18.844000 4.947838 73.223200 0.000000 0.305131 0.324921
18.972000 4.986904 73.616587 0.000000 0.305227 0.325453
19.100000 5.025975 74.009797 0.000000 0.305322 0.325983
19.228000 5.065067 74.401840 0.000000 0.305416 0.326509
19.356000 5.104161 74.793767 0.000000 0.305509 0.327034
19.484000 5.143277 75.184576 0.000000 0.305601 0.327555
19.612000 5.182396 75.575212 0.000000 0.305693 0.328075
19.740000 5.221534 75.964831 0.000000 0.305783 0.328591
19.868000 5.260677 76.354206 0.000000 0.305873 0.329106
19.996000 5.299837 76.742644 0.000000 0.305961 0.329617
20.124000 5.339003 77.130788 0.000000 0.306049 0.330127
20.252000 5.378186 77.518050 0.000000 0.306136 0.330633
20.380000 5.417374 77.904992 0.000000 0.306222 0.331138
20.508000 5.456579 78.291087 0.000000 0.306308 0.331639
20.636000 5.495789 78.676855 0.000000 0.306392 0.332140
20.764000 5.535015 79.061789 0.000000 0.306476 0.332636
20.892000 5.574247 79.446413 0.000000 0.306559 0.333132
21.020000 5.613494 79.830193 0.000000 0.306641 0.333625
21.148000 5.652747 80.213700 0.000000 0.306723 0.334116
21.276000 5.692015 80.596333 0.000000 0.306803 0.334604
21.404000 5.731288 80.978752 0.000000 0.306883 0.335091
21.532000 5.770578 81.360244 0.000000 0.306962 0.335574
21.660000 5.809870 81.741602 0.000000 0.307041 0.336057
21.788000 5.849180 82.121961 0.000000 0.307119 0.336536
21.916000 5.888491 82.502285 0.000000 0.307196 0.337015
22.044000 5.927822 82.881518 0.000000 0.307273 0.337489
22.172000 5.967154 83.260750 0.000000 0.307349 0.337964
22.300000 6.006504 83.638948 0.000000 0.307424 0.338435
22.428000 6.045855 84.017060 0.000000 0.307498 0.338905
22.556000 6.085223 84.394284 0.000000 0.307572 0.339372
22.684000 6.124595 84.771283 0.000000 0.307645 0.339838
22.812000 6.163979 85.147560 0.000000 0.307718 0.340301
22.940000 6.203371 85.523452 0.000000 0.307790 0.340763
23.068000 6.242773 85.898808 0.000000 0.307861 0.341223
23.196000 6.282185 86.273600 0.000000 0.307932 0.341680
23.324000 6.321602 86.648061 0.000000 0.308003 0.342137
23.452000 6.361034 87.021758 0.000000 0.308072 0.342591
23.580000 6.400467 87.395350 0.000000 0.308141 0.343044
23.708000 6.439918 87.767960 0.000000 0.308210 0.343493
23.836000 6.479369 88.140569 0.000000 0.308278 0.343943
23.964000 6.518837 88.512235 0.000000 0.308345 0.344389
24.092000 6.558307 88.883764 0.000000 0.308412 0.344835
24.220000 6.597790 89.254616 0.000000 0.308478 0.345278
24.348000 6.637279 89.625069 0.000000 0.308544 0.345719
24.476000 6.676775 89.995133 0.000000 0.308609 0.346159
24.604000 6.716284 90.364518 0.000000 0.308674 0.346597
24.732000 6.755794 90.733818 0.000000 0.308739 0.347035
24.860000 6.795321 91.102139 0.000000 0.308802 0.347468
24.988000 6.834848 91.470461 0.000000 0.308866 0.347902
25.116000 6.874390 91.837964 0.000000 0.308928 0.348333
25.244000 6.913936 92.205229 0.000000 0.308991 0.348763
25.372000 6.953490 92.572022 0.000000 0.309053 0.349191
25.500000 6.993055 92.938237 0.000000 0.309114 0.349618
25.756000 7.072204 93.669513 0.000000 0.309235 0.350466
26.012000 7.151382 94.399088 0.000000 0.309355 0.351308
26.268000 7.230590 95.126990 0.000000 0.309473 0.352145
26.524000 7.309828 95.853187 0.000000 0.309589 0.352975
26.780000 7.389100 96.577390 0.000000 0.309703 0.353799
27.036000 7.468400 97.299990 0.000000 0.309816 0.354617
27.292000 7.547728 98.021014 0.000000 0.309927 0.355429
27.548000 7.627082 98.740489 0.000000 0.310036 0.356236
27.804000 7.706462 99.458444 0.000000 0.310145 0.357038
28.060000 7.785875 100.174486 0.000000 0.310251 0.357833
28.316000 7.865315 100.888950 0.000000 0.310356 0.358623
28.572000 7.944779 101.601959 0.000000 0.310460 0.359408
28.828000 8.024268 102.313539 0.000000 0.310562 0.360188
29.084000 8.103783 103.023623 0.000000 0.310663 0.360963
29.340000 8.183329 103.731837 0.000000 0.310763 0.361732
29.596000 8.262898 104.438685 0.000000 0.310861 0.362497
29.852000 8.342489 105.144193 0.000000 0.310958 0.363256
30.108000 8.422103 105.848387 0.000000 0.311054 0.364012
30.364000 8.501749 106.550681 0.000000 0.311149 0.364761
30.620000 8.581416 107.251665 0.000000 0.311242 0.365506
30.876000 8.661104 107.951395 0.000000 0.311334 0.366247
31.132000 8.740814 108.649857 0.000000 0.311425 0.366984
31.388000 8.820554 109.346459 0.000000 0.311515 0.367715
31.644000 8.900315 110.041867 0.000000 0.311604 0.368442
31.900000 8.980094 110.736105 0.000000 0.311692 0.369166
32.156000 9.059898 111.428897 0.000000 0.311779 0.369884
32.412000 9.139727 112.120121 0.000000 0.311864 0.370598
32.668000 9.219574 112.810232 0.000000 0.311949 0.371308
32.924000 9.299440 113.499255 0.000000 0.312033 0.372015
33.180000 9.379335 114.186469 0.000000 0.312115 0.372716
33.436000 9.459247 114.872587 0.000000 0.312197 0.373414
33.692000 9.539177 115.557674 0.000000 0.312278 0.374108
33.948000 9.619132 116.241218 0.000000 0.312358 0.374798
34.204000 9.699107 116.923475 0.000000 0.312436 0.375484
34.460000 9.779099 117.604754 0.000000 0.312515 0.376166
34.716000 9.859112 118.284668 0.000000 0.312592 0.376845
34.972000 9.939148 118.963192 0.000000 0.312668 0.377519
35.228000 10.019199 119.640793 0.000000 0.312744 0.378191
35.484000 10.099270 120.317114 0.000000 0.312819 0.378858
35.740000 10.179364 120.992031 0.000000 0.312892 0.379522
35.996000 10.259472 121.666078 0.000000 0.312966 0.380183
36.252000 10.339600 122.338845 0.000000 0.313038 0.380839
36.508000 10.419749 123.010280 0.000000 0.313109 0.381492
36.764000 10.499911 123.680896 0.000000 0.313180 0.382143
37.020000 10.580095 124.350146 0.000000 0.313250 0.382789
37.276000 10.660298 125.018219 0.000000 0.313320 0.383432
37.532000 10.740513 125.685524 0.000000 0.313388 0.384073
37.788000 10.820752 126.351293 0.000000 0.313456 0.384709
38.044000 10.901006 127.016124 0.000000 0.313523 0.385343
38.300000 10.981272 127.680167 0.000000 0.313590 0.385974
38.556000 11.061564 128.342562 0.000000 0.313656 0.386601
38.812000 11.141867 129.004267 0.000000 0.313721 0.387225
39.068000 11.222187 129.664883 0.000000 0.313786 0.387846
39.324000 11.302527 130.324219 0.000000 0.313850 0.388464
39.580000 11.382877 130.982914 0.000000 0.313913 0.389080
39.836000 11.463250 131.640138 0.000000 0.313976 0.389691
40.092000 11.543635 132.296528 0.000000 0.314038 0.390301
40.348000 11.624034 132.952069 0.000000 0.314100 0.390907
40.604000 11.704455 133.606192 0.000000 0.314160 0.391510
40.860000 11.784885 134.259748 0.000000 0.314221 0.392111
41.116000 11.865335 134.911950 0.000000 0.314281 0.392709
41.372000 11.945799 135.563302 0.000000 0.314340 0.393304
41.628000 12.026275 136.213846 0.000000 0.314399 0.393897
41.884000 12.106772 136.863029 0.000000 0.314457 0.394486
42.140000 12.187276 137.511718 0.000000 0.314514 0.395073
42.396000 12.267802 138.158973 0.000000 0.314571 0.395657
42.652000 12.348339 138.805555 0.000000 0.314628 0.396239
42.908000 12.428890 139.451178 0.000000 0.314684 0.396818
43.164000 12.509459 140.095687 0.000000 0.314740 0.397394
43.420000 12.590035 140.739686 0.000000 0.314795 0.397969
43.676000 12.670634 141.382156 0.000000 0.314849 0.398539
43.932000 12.751239 142.024230 0.000000 0.314904 0.399109
44.188000 12.831864 142.665005 0.000000 0.314957 0.399675
44.444000 12.912499 143.305099 0.000000 0.315010 0.400239
44.700000 12.993148 143.944275 0.000000 0.315063 0.400801
44.956000 13.073812 144.582423 0.000000 0.315115 0.401360
45.212000 13.154485 145.220007 0.000000 0.315167 0.401917
45.468000 13.235178 145.856242 0.000000 0.315218 0.402471
45.724000 13.315875 146.492173 0.000000 0.315270 0.403024
45.980000 13.396596 147.126597 0.000000 0.315320 0.403573
46.236000 13.477321 147.760672 0.000000 0.315370 0.404121
46.492000 13.558065 148.393528 0.000000 0.315420 0.404666
46.748000 13.638817 149.025779 0.000000 0.315469 0.405209
47.004000 13.719584 149.657074 0.000000 0.315518 0.405750
47.260000 13.800363 150.287534 0.000000 0.315566 0.406289
47.516000 13.881153 150.917276 0.000000 0.315614 0.406825
47.772000 13.961958 151.545976 0.000000 0.315662 0.407359
48.028000 14.042771 152.174173 0.000000 0.315709 0.407892
48.284000 14.123602 152.801144 0.000000 0.315756 0.408422
48.540000 14.204437 153.427803 0.000000 0.315803 0.408951
48.796000 14.285293 154.053075 0.000000 0.315849 0.409476
49.052000 14.366151 154.678203 0.000000 0.315895 0.410001
49.308000 14.447031 155.301810 0.000000 0.315940 0.410522
49.564000 14.527913 155.925293 0.000000 0.315986 0.411042
49.820000 14.608815 156.547384 0.000000 0.316030 0.411559
50.076000 14.689721 157.169253 0.000000 0.316075 0.412076
50.332000 14.770645 157.789836 0.000000 0.316119 0.412589
50.588000 14.851574 158.410121 0.000000 0.316162 0.413102
50.844000 14.932520 159.029204 0.000000 0.316206 0.413611
51.100000 15.013472 159.647933 0.000000 0.316249 0.414120
51.612000 15.175413 160.882727 0.000000 0.316334 0.415130
52.124000 15.337398 162.114538 0.000000 0.316418 0.416133
52.636000 15.499425 163.343402 0.000000 0.316501 0.417129
53.148000 15.661494 164.569355 0.000000 0.316582 0.418118
53.660000 15.823605 165.792432 0.000000 0.316663 0.419099
54.172000 15.985756 167.012669 0.000000 0.316742 0.420074
54.684000 16.147947 168.230100 0.000000 0.316820 0.421042
55.196000 16.310178 169.444760 0.000000 0.316897 0.422003
55.708000 16.472449 170.656553 0.000000 0.316973 0.422957
56.220000 16.634759 171.865614 0.000000 0.317048 0.423905
56.732000 16.797108 173.071985 0.000000 0.317121 0.424846
57.244000 16.959493 174.275700 0.000000 0.317194 0.425781
57.756000 17.121916 175.476791 0.000000 0.317266 0.426710
58.268000 17.284375 176.675292 0.000000 0.317337 0.427632
58.780000 17.446870 177.871235 0.000000 0.317407 0.428549
59.292000 17.609400 179.064653 0.000000 0.317476 0.429460
59.804000 17.771965 180.255578 0.000000 0.317544 0.430365
60.316000 17.934564 181.444042 0.000000 0.317612 0.431264
60.828000 18.097197 182.630076 0.000000 0.317678 0.432158
61.340000 18.259863 183.813711 0.000000 0.317744 0.433046
61.852000 18.422565 184.994759 0.000000 0.317809 0.433928
62.364000 18.585301 186.173309 0.000000 0.317873 0.434805
62.876000 18.748069 187.349535 0.000000 0.317936 0.435676
63.388000 18.910869 188.523468 0.000000 0.317998 0.436543
63.900000 19.073700 189.695138 0.000000 0.318060 0.437404
64.412000 19.236561 190.864574 0.000000 0.318121 0.438260
64.924000 19.399453 192.031807 0.000000 0.318181 0.439111
65.436000 19.562375 193.196732 0.000000 0.318241 0.439957
65.948000 19.725332 194.359147 0.000000 0.318299 0.440798
66.460000 19.888318 195.519429 0.000000 0.318358 0.441634
66.972000 20.051332 196.677607 0.000000 0.318415 0.442465
67.484000 20.214374 197.833710 0.000000 0.318472 0.443292
67.996000 20.377444 198.987767 0.000000 0.318528 0.444114
68.508000 20.540544 200.139591 0.000000 0.318584 0.444932
69.020000 20.703676 201.289044 0.000000 0.318639 0.445744
69.532000 20.866834 202.436520 0.000000 0.318693 0.446552
70.044000 21.030018 203.582044 0.000000 0.318747 0.447356
70.556000 21.193228 204.725646 0.000000 0.318800 0.448156
71.068000 21.356465 205.867197 0.000000 0.318852 0.448952
71.580000 21.519734 207.006364 0.000000 0.318904 0.449742
72.092000 21.683027 208.143673 0.000000 0.318956 0.450529
72.604000 21.846345 209.279152 0.000000 0.319007 0.451311
73.116000 22.009686 210.412827 0.000000 0.319057 0.452090
73.628000 22.173057 211.544288 0.000000 0.319107 0.452864
74.140000 22.336455 212.673691 0.000000 0.319156 0.453634
74.652000 22.499875 213.801354 0.000000 0.319205 0.454401
75.164000 22.663318 214.927303 0.000000 0.319253 0.455164
75.676000 22.826787 216.051313 0.000000 0.319301 0.455923
76.188000 22.990284 217.173112 0.000000 0.319348 0.456677
76.700000 23.153803 218.293259 0.000000 0.319395 0.457428
77.212000 23.317343 219.411779 0.000000 0.319442 0.458176
77.724000 23.480908 220.528435 0.000000 0.319487 0.458919
78.236000 23.644500 221.642924 0.000000 0.319533 0.459659
78.748000 23.808113 222.755847 0.000000 0.319578 0.460395
79.260000 23.971745 223.867229 0.000000 0.319623 0.461129
79.772000 24.135404 224.976626 0.000000 0.319667 0.461858
80.284000 24.299087 226.084093 0.000000 0.319710 0.462583
80.796000 24.462789 227.190078 0.000000 0.319754 0.463306
81.308000 24.626510 228.294604 0.000000 0.319797 0.464025
81.820000 24.790260 229.396838 0.000000 0.319839 0.464740
82.332000 24.954030 230.497563 0.000000 0.319881 0.465452
82.844000 25.117817 231.596888 0.000000 0.319923 0.466162
83.356000 25.281628 232.694396 0.000000 0.319964 0.466867
83.868000 25.445463 233.789997 0.000000 0.320005 0.467570
84.380000 25.609315 234.884255 0.000000 0.320046 0.468269
84.892000 25.773185 235.977078 0.000000 0.320086 0.468966
85.404000 25.937084 237.067689 0.000000 0.320126 0.469658
85.916000 26.100998 238.157012 0.000000 0.320165 0.470348
86.428000 26.264929 239.245071 0.000000 0.320204 0.471035
86.940000 26.428887 240.330941 0.000000 0.320243 0.471719
87.452000 26.592862 241.415460 0.000000 0.320282 0.472399
87.964000 26.756852 242.498769 0.000000 0.320320 0.473078
88.476000 26.920868 243.580053 0.000000 0.320357 0.473752
88.988000 27.084902 244.659896 0.000000 0.320395 0.474424
89.500000 27.248950 245.738583 0.000000 0.320432 0.475094
90.012000 27.413023 246.815319 0.000000 0.320469 0.475759
90.524000 27.577114 247.890612 0.000000 0.320505 0.476423
91.036000 27.741218 248.964802 0.000000 0.320542 0.477084
91.548000 27.905347 250.037029 0.000000 0.320577 0.477741
92.060000 28.069493 251.107897 0.000000 0.320613 0.478396
92.572000 28.233652 252.177713 0.000000 0.320648 0.479049
93.084000 28.397836 253.245468 0.000000 0.320683 0.479699
93.596000 28.562035 254.312033 0.000000 0.320718 0.480346
94.108000 28.726247 255.377566 0.000000 0.320752 0.480991
94.620000 28.890486 256.440918 0.000000 0.320786 0.481632
95.132000 29.054736 257.503300 0.000000 0.320820 0.482271
95.644000 29.219003 258.564416 0.000000 0.320854 0.482908
96.156000 29.383292 259.623655 0.000000 0.320887 0.483542
96.668000 29.547592 260.681973 0.000000 0.320920 0.484174
97.180000 29.711912 261.738710 0.000000 0.320953 0.484803
97.692000 29.876251 262.793952 0.000000 0.320986 0.485429
98.204000 30.040599 263.848324 0.000000 0.321018 0.486054
98.716000 30.204972 264.900717 0.000000 0.321050 0.486675
99.228000 30.369358 265.952080 0.000000 0.321082 0.487295
99.740000 30.533757 267.002314 0.000000 0.321113 0.487912
100.252000 30.698179 268.050705 0.000000 0.321145 0.488526
100.764000 30.862610 269.098302 0.000000 0.321176 0.489139
101.276000 31.027061 270.144245 0.000000 0.321206 0.489748
101.788000 31.191528 271.188935 0.000000 0.321237 0.490356
