-1.11962
-1.08645
-1.04931
-1.01599
-1.02029
-0.871791
-0.927449
-0.971291
-0.874315
-0.886285
-0.955246
-0.956595
-0.846159
-0.833234
-0.957208
-0.898133
-0.902303
-0.858633
-0.878807
-0.812601
-0.803789
-0.856442
-0.897972
-0.930525
-0.917128
-0.859962
-0.841997
-0.850713
-0.945757
-0.866123
-0.804114
-0.838026
-0.765793
-0.753161
-0.73318
-0.637725
-0.719609
-0.603012
-0.616713
-0.561363
-0.549956
-0.59516
-0.547388
-0.524525
-0.531235
-0.545413
-0.528584
-0.524558
-0.573644
-0.476209
-0.512997
-0.362618
-0.446412
-0.375587
-0.412979
-0.346209
-0.343106
-0.352201
-0.340927
-0.34225
-0.341815
-0.360432
-0.376822
-0.303994
-0.242632
-0.371842
-0.273942
-0.25153
-0.318283
-0.269695
-0.231481
-0.296415
-0.217434
-0.285875
-0.245937
-0.278808
-0.244867
-0.257155
-0.249166
-0.176436
-0.153062
-0.189874
-0.169172
-0.153221
-0.14952
-0.0973678
-0.0866489
-0.0175969
-0.0305309
-0.0164201
-0.0445592
-0.0779633
-0.109051
-0.0655236
-0.0823018
-0.140342
-0.16129
-0.12097
-0.115672
-0.156215
-0.166172
-0.0502015
0.0069097
-0.0206576
-0.0759234
-0.0401874
-0.0648814
-0.0368159
0.0097173
-0.158769
-0.129864
-0.173635
-0.160769
-0.167101
-0.116789
-0.100265
-0.10046
-0.0509892
-0.0624596
-0.0402877
-0.0605203
-0.045358
-0.0542834
-0.0615832
0.0266693
0.0386865
0.0398411
0.0622254
0.0558204
0.142976
0.164688
0.160169
0.0837235
0.198457
0.138554
0.139722
0.224513
0.145009
0.141797
0.152561
0.111749
0.106032
0.0767561
0.144685
0.0912812
0.0820119
0.159463
0.056051
0.0578669
0.0991527
0.0615329
0.113977
0.0819757
0.122628
0.139328
0.124891
0.1362
0.147907
0.11773
0.0854901
0.0771924
0.0657883
0.0361952
0.159489
0.169494
0.185342
0.240293
0.140407
0.174759
0.125718
0.1386
0.149193
0.113399
0.229124
0.167354
0.133698
0.134146
0.225531
0.102367
0.0949169
0.0775756
0.11719
0.0525472
0.124375
0.0892897
0.124918
0.16144
0.154414
0.14763
0.125004
0.0480985
0.110209
0.163582
0.0997761
0.0978994
0.00829359
0.0197968
0.0379274
0.0836357
0.101758
0.11375
0.0634403
0.0419183
0.0690451
-0.00245871
0.0179045
0.00790708
-0.0427671
0.0388576
0.0207905
0.0176228
0.0657135
0.113836
0.0303733
0.000834086
0.00705789
0.0171238
0.085221
-0.0321768
0.0135629
0.0109995
0.0287449
-0.00854182
0.0338194
-0.0331248
0.0398122
-0.0240358
-0.0688514
0.0794773
0.0199383
0.100881
-0.0659854
0.0626756
0.0308555
0.0452645
-0.0233202
0.0619066
0.0161075
0.00358876
-0.0320824
-0.0257874
0.0215376
0.0315183
0.0215683
0.0133905
-0.0321359
0.0862224
-0.0279058
-0.0130053
0.120082
0.0487341
0.0512594
-0.0581891
-0.0197646
-0.00130707
0.0786195
0.0940711
0.0650789
0.106943
0.105938
0.0978965
0.2033
0.107838
0.0855616
0.0956284
0.0803217
0.101521
0.0852396
0.0644586
0.135288
0.134798
0.0992578
0.117946
0.117533
0.115239
0.143295
0.125683
0.136959
0.0527958
0.10464
0.0789644
0.0912409
0.0907035
0.138437
0.00459668
0.0632357
0.166891
0.116452
0.150554
0.0213866
0.0429401
0.129991
0.118438
0.0177192
0.0776601
0.0748932
0.0835306
0.122895
0.0593008
0.00620935
0.212583
0.043997
0.129397
0.00262426
0.0351865
0.116988
0.156208
0.143028
0.0291055
0.210256
0.12808
0.118155
0.0872704
0.122301
0.0915781
0.0963291
0.20737
0.104142
0.138529
0.0998677
0.170872
0.202388
0.249955
0.145073
0.155238
0.233608
0.190597
0.200133
0.211927
0.251392
0.285169
0.112043
0.145155
0.26769
0.223727
0.153971
0.235519
0.168043
0.249821
0.235102
0.163224
0.19403
0.226049
0.1695
0.138399
0.103445
0.214447
0.129195
0.288048
0.151213
0.295694
0.256309
0.220562
0.160639
0.159481
0.255106
0.279091
0.29133
0.190018
0.109815
0.212316
0.282363
0.221867
0.193029
0.113259
0.233328
0.147079
0.204354
0.184348
0.185718
0.198572
0.223992
0.139863
0.109986
0.220278
0.18122
0.112784
0.235992
0.230078
0.138887
0.170932
0.130765
0.2204
0.173818
0.159159
0.13292
0.145113
0.21358
0.255621
0.265264
0.217323
0.246013
0.210736
0.204753
0.143941
0.247912
0.157359
0.255327
0.208488
0.199173
0.204227
0.234353
0.25026
0.235289
0.219131
0.224909
0.225628
0.331497
0.215393
0.23445
0.285866
0.190106
0.099935
0.23465
0.26255
0.209924
0.179862
0.260736
0.222443
0.237386
0.142283
0.264403
0.134262
0.122783
0.252082
0.198597
0.285608
0.2209
0.21077
0.187572
0.185306
0.195684
0.121884
0.289841
0.175991
0.196154
0.123043
0.203427
0.341947
0.258019
0.190758
0.163243
0.172988
0.148121
0.259037
0.180857
0.246998
0.112175
0.193631
0.146106
0.230054
0.12707
0.176957
0.112612
0.256372
0.233203
0.326464
0.147091
0.221181
0.177407
0.212137
0.234765
0.135352
0.229537
0.265091
0.181184
0.188602
0.178262
0.168982
0.165061
0.17885
0.174477
0.204671
0.272754
0.24352
0.223611
0.259216
0.301609
0.222814
0.260155
0.129217
0.23721
0.183704
0.221596
0.100767
0.127287
0.216
0.224131
0.152463
0.267843
0.238255
0.11944
0.258586
0.21459
0.160857
0.259422
0.244147
0.332317
0.17213
0.216521
0.192611
0.168695
