0.001000 0.000160 0.015138 0.000000 0.174651 0.076622
0.002000 0.000334 0.027453 0.000000 0.172683 0.085017
0.003000 0.000505 0.038840 0.000000 0.170108 0.090240
0.004000 0.000674 0.049679 0.000000 0.167760 0.094086
0.005000 0.000841 0.060128 0.000000 0.165687 0.097136
0.006000 0.001006 0.070281 0.000000 0.163852 0.099670
0.007000 0.001169 0.080201 0.000000 0.162211 0.101847
0.008000 0.001330 0.089922 0.000000 0.160735 0.103749
0.009000 0.001490 0.099475 0.000000 0.159395 0.105442
0.010000 0.001649 0.108893 0.000000 0.158163 0.106978
0.011000 0.001807 0.118170 0.000000 0.157040 0.108363
0.012000 0.001963 0.127339 0.000000 0.155995 0.109641
0.013000 0.002119 0.136410 0.000000 0.155022 0.110826
0.014000 0.002273 0.145388 0.000000 0.154114 0.111927
0.015000 0.002427 0.154279 0.000000 0.153264 0.112956
0.016000 0.002580 0.163090 0.000000 0.152466 0.113921
0.017000 0.002732 0.171827 0.000000 0.151714 0.114829
0.018000 0.002883 0.180496 0.000000 0.151004 0.115688
0.019000 0.003034 0.189104 0.000000 0.150330 0.116504
0.020000 0.003184 0.197658 0.000000 0.149687 0.117282
0.021000 0.003334 0.206163 0.000000 0.149072 0.118029
0.022000 0.003482 0.214599 0.000000 0.148494 0.118733
0.023000 0.003630 0.222991 0.000000 0.147939 0.119410
0.024000 0.003778 0.231349 0.000000 0.147402 0.120067
0.025000 0.003925 0.239645 0.000000 0.146896 0.120688
0.026000 0.004072 0.247907 0.000000 0.146406 0.121291
0.027000 0.004218 0.256135 0.000000 0.145932 0.121876
0.028000 0.004364 0.264310 0.000000 0.145484 0.122432
0.029000 0.004509 0.272471 0.000000 0.145041 0.122982
0.030000 0.004654 0.280568 0.000000 0.144627 0.123499
0.031000 0.004799 0.288661 0.000000 0.144215 0.124015
0.032000 0.004942 0.296690 0.000000 0.143830 0.124501
0.033000 0.005086 0.304720 0.000000 0.143444 0.124987
0.034000 0.005229 0.312688 0.000000 0.143084 0.125445
0.035000 0.005372 0.320653 0.000000 0.142725 0.125902
0.036000 0.005515 0.328570 0.000000 0.142385 0.126337
0.037000 0.005657 0.336473 0.000000 0.142050 0.126767
0.038000 0.005799 0.344347 0.000000 0.141725 0.127186
0.039000 0.005940 0.352188 0.000000 0.141413 0.127590
0.040000 0.006082 0.360029 0.000000 0.141101 0.127995
0.041000 0.006223 0.367809 0.000000 0.140811 0.128376
0.042000 0.006363 0.375589 0.000000 0.140520 0.128757
0.043000 0.006504 0.383347 0.000000 0.140237 0.129130
0.044000 0.006644 0.391067 0.000000 0.139967 0.129488
0.045000 0.006784 0.398787 0.000000 0.139697 0.129846
0.046000 0.006923 0.406473 0.000000 0.139438 0.130193
0.047000 0.007063 0.414133 0.000000 0.139187 0.130530
0.048000 0.007202 0.421794 0.000000 0.138936 0.130868
0.049000 0.007341 0.429419 0.000000 0.138696 0.131193
0.050000 0.007479 0.437022 0.000000 0.138463 0.131511
0.051000 0.007617 0.444624 0.000000 0.138230 0.131828
0.052000 0.007756 0.452200 0.000000 0.138004 0.132138
0.053000 0.007893 0.459745 0.000000 0.137788 0.132437
0.054000 0.008031 0.467290 0.000000 0.137572 0.132736
0.055000 0.008169 0.474828 0.000000 0.137358 0.133033
0.056000 0.008306 0.482317 0.000000 0.137157 0.133315
0.057000 0.008443 0.489806 0.000000 0.136957 0.133597
0.058000 0.008580 0.497294 0.000000 0.136756 0.133879
0.059000 0.008717 0.504751 0.000000 0.136564 0.134151
0.060000 0.008853 0.512184 0.000000 0.136378 0.134417
0.061000 0.008989 0.519617 0.000000 0.136193 0.134682
0.062000 0.009126 0.527050 0.000000 0.136007 0.134948
0.063000 0.009261 0.534438 0.000000 0.135832 0.135201
0.064000 0.009397 0.541816 0.000000 0.135661 0.135451
0.065000 0.009533 0.549195 0.000000 0.135489 0.135701
0.066000 0.009668 0.556573 0.000000 0.135317 0.135951
0.067000 0.009803 0.563907 0.000000 0.135155 0.136190
0.068000 0.009938 0.571231 0.000000 0.134997 0.136426
0.069000 0.010073 0.578555 0.000000 0.134838 0.136662
0.070000 0.010208 0.585879 0.000000 0.134679 0.136897
0.071000 0.010343 0.593173 0.000000 0.134527 0.137125
0.072000 0.010477 0.600444 0.000000 0.134380 0.137348
0.073000 0.010611 0.607715 0.000000 0.134233 0.137570
0.074000 0.010746 0.614985 0.000000 0.134087 0.137792
0.075000 0.010880 0.622253 0.000000 0.133941 0.138014
0.076000 0.011013 0.629471 0.000000 0.133805 0.138223
0.077000 0.011147 0.636689 0.000000 0.133670 0.138433
0.078000 0.011281 0.643908 0.000000 0.133535 0.138642
0.079000 0.011414 0.651126 0.000000 0.133399 0.138852
0.080000 0.011548 0.658329 0.000000 0.133267 0.139058
0.081000 0.011681 0.665496 0.000000 0.133142 0.139255
0.082000 0.011814 0.672662 0.000000 0.133018 0.139453
0.083000 0.011947 0.679829 0.000000 0.132893 0.139651
0.084000 0.012080 0.686995 0.000000 0.132768 0.139848
0.085000 0.012213 0.694150 0.000000 0.132646 0.140043
0.086000 0.012345 0.701266 0.000000 0.132531 0.140230
0.087000 0.012477 0.708381 0.000000 0.132417 0.140416
0.088000 0.012610 0.715497 0.000000 0.132302 0.140602
0.089000 0.012742 0.722612 0.000000 0.132187 0.140789
0.090000 0.012874 0.729728 0.000000 0.132072 0.140975
0.091000 0.013006 0.736800 0.000000 0.131966 0.141152
0.092000 0.013138 0.743865 0.000000 0.131860 0.141328
0.093000 0.013270 0.750930 0.000000 0.131755 0.141504
0.094000 0.013402 0.757996 0.000000 0.131649 0.141680
0.095000 0.013533 0.765061 0.000000 0.131544 0.141856
0.096000 0.013665 0.772117 0.000000 0.131440 0.142030
0.097000 0.013796 0.779133 0.000000 0.131344 0.142196
0.098000 0.013927 0.786149 0.000000 0.131247 0.142362
0.099000 0.014059 0.793164 0.000000 0.131150 0.142528
0.100000 0.014190 0.800180 0.000000 0.131053 0.142694
0.102000 0.014452 0.814204 0.000000 0.130861 0.143024
0.104000 0.014713 0.828138 0.000000 0.130684 0.143337
0.106000 0.014974 0.842071 0.000000 0.130507 0.143651
0.108000 0.015236 0.856005 0.000000 0.130330 0.143964
0.110000 0.015496 0.869853 0.000000 0.130166 0.144262
0.112000 0.015756 0.883691 0.000000 0.130005 0.144558
0.114000 0.016016 0.897528 0.000000 0.129843 0.144853
0.116000 0.016275 0.911317 0.000000 0.129688 0.145141
0.118000 0.016534 0.925060 0.000000 0.129540 0.145420
0.120000 0.016793 0.938802 0.000000 0.129393 0.145700
0.122000 0.017052 0.952544 0.000000 0.129245 0.145979
0.124000 0.017310 0.966200 0.000000 0.129110 0.146244
0.126000 0.017568 0.979848 0.000000 0.128975 0.146508
0.128000 0.017826 0.993496 0.000000 0.128841 0.146772
0.130000 0.018084 1.007132 0.000000 0.128708 0.147034
0.132000 0.018341 1.020688 0.000000 0.128586 0.147283
0.134000 0.018598 1.034244 0.000000 0.128464 0.147532
0.136000 0.018855 1.047800 0.000000 0.128342 0.147782
0.138000 0.019112 1.061345 0.000000 0.128222 0.148029
0.140000 0.019368 1.074809 0.000000 0.128112 0.148265
0.142000 0.019624 1.088274 0.000000 0.128001 0.148501
0.144000 0.019880 1.101739 0.000000 0.127891 0.148737
0.146000 0.020136 1.115203 0.000000 0.127780 0.148972
0.148000 0.020391 1.128589 0.000000 0.127680 0.149197
0.150000 0.020646 1.141963 0.000000 0.127580 0.149420
0.152000 0.020901 1.155338 0.000000 0.127481 0.149642
0.154000 0.021156 1.168712 0.000000 0.127381 0.149865
0.156000 0.021411 1.182052 0.000000 0.127286 0.150083
0.158000 0.021665 1.195338 0.000000 0.127196 0.150294
0.160000 0.021920 1.208624 0.000000 0.127107 0.150505
0.162000 0.022174 1.221909 0.000000 0.127017 0.150716
0.164000 0.022428 1.235195 0.000000 0.126928 0.150927
0.166000 0.022682 1.248424 0.000000 0.126845 0.151130
0.168000 0.022935 1.261622 0.000000 0.126765 0.151329
0.170000 0.023189 1.274820 0.000000 0.126685 0.151529
0.172000 0.023442 1.288018 0.000000 0.126605 0.151728
0.174000 0.023695 1.301216 0.000000 0.126525 0.151928
0.176000 0.023948 1.314359 0.000000 0.126450 0.152120
0.178000 0.024201 1.327471 0.000000 0.126379 0.152309
0.180000 0.024453 1.340582 0.000000 0.126308 0.152498
0.182000 0.024706 1.353694 0.000000 0.126237 0.152687
0.184000 0.024959 1.366806 0.000000 0.126166 0.152875
0.186000 0.025211 1.379888 0.000000 0.126098 0.153061
0.188000 0.025463 1.392914 0.000000 0.126035 0.153240
0.190000 0.025715 1.405940 0.000000 0.125972 0.153418
0.192000 0.025967 1.418967 0.000000 0.125909 0.153597
0.194000 0.026219 1.431993 0.000000 0.125846 0.153776
0.196000 0.026470 1.445019 0.000000 0.125783 0.153955
0.198000 0.026722 1.457982 0.000000 0.125726 0.154126
0.200000 0.026973 1.470924 0.000000 0.125671 0.154296
0.202000 0.027224 1.483866 0.000000 0.125615 0.154465
0.204000 0.027475 1.496808 0.000000 0.125560 0.154634
0.206000 0.027727 1.509750 0.000000 0.125505 0.154803
0.208000 0.027978 1.522692 0.000000 0.125450 0.154973
0.210000 0.028228 1.535564 0.000000 0.125400 0.155135
0.212000 0.028479 1.548423 0.000000 0.125352 0.155295
0.214000 0.028730 1.561281 0.000000 0.125304 0.155455
0.216000 0.028980 1.574140 0.000000 0.125256 0.155616
0.218000 0.029231 1.586999 0.000000 0.125208 0.155776
0.220000 0.029481 1.599858 0.000000 0.125160 0.155937
0.222000 0.029732 1.612666 0.000000 0.125116 0.156092
0.224000 0.029982 1.625443 0.000000 0.125075 0.156244
0.226000 0.030232 1.638220 0.000000 0.125033 0.156396
0.228000 0.030482 1.650996 0.000000 0.124992 0.156548
0.230000 0.030732 1.663773 0.000000 0.124951 0.156700
0.232000 0.030982 1.676549 0.000000 0.124909 0.156853
0.234000 0.031232 1.689323 0.000000 0.124868 0.157004
0.236000 0.031481 1.702019 0.000000 0.124833 0.157149
0.238000 0.031731 1.714714 0.000000 0.124798 0.157293
0.240000 0.031980 1.727410 0.000000 0.124763 0.157437
0.242000 0.032230 1.740105 0.000000 0.124728 0.157581
0.244000 0.032479 1.752801 0.000000 0.124693 0.157726
0.246000 0.032729 1.765496 0.000000 0.124658 0.157870
0.248000 0.032978 1.778184 0.000000 0.124623 0.158013
0.250000 0.033227 1.790799 0.000000 0.124594 0.158150
0.252000 0.033476 1.803414 0.000000 0.124565 0.158287
0.254000 0.033725 1.816030 0.000000 0.124536 0.158424
0.256000 0.033974 1.828645 0.000000 0.124506 0.158561
0.258000 0.034223 1.841261 0.000000 0.124477 0.158698
0.260000 0.034472 1.853876 0.000000 0.124448 0.158834
0.262000 0.034721 1.866491 0.000000 0.124419 0.158971
0.264000 0.034970 1.879044 0.000000 0.124394 0.159103
0.266000 0.035219 1.891580 0.000000 0.124370 0.159233
0.268000 0.035467 1.904117 0.000000 0.124346 0.159363
0.270000 0.035716 1.916653 0.000000 0.124323 0.159492
0.272000 0.035964 1.929189 0.000000 0.124299 0.159622
0.274000 0.036213 1.941726 0.000000 0.124275 0.159752
0.276000 0.036462 1.954262 0.000000 0.124251 0.159882
0.278000 0.036710 1.966791 0.000000 0.124228 0.160011
0.280000 0.036959 1.979249 0.000000 0.124209 0.160135
0.282000 0.037207 1.991707 0.000000 0.124191 0.160258
0.284000 0.037455 2.004166 0.000000 0.124172 0.160382
0.286000 0.037703 2.016624 0.000000 0.124154 0.160505
0.288000 0.037952 2.029082 0.000000 0.124135 0.160628
0.290000 0.038200 2.041540 0.000000 0.124116 0.160752
0.292000 0.038448 2.053998 0.000000 0.124098 0.160875
0.294000 0.038697 2.066457 0.000000 0.124079 0.160999
0.296000 0.038945 2.078839 0.000000 0.124065 0.161116
0.298000 0.039193 2.091220 0.000000 0.124051 0.161233
0.300000 0.039441 2.103601 0.000000 0.124038 0.161350
0.304000 0.039937 2.128363 0.000000 0.124010 0.161585
0.308000 0.040433 2.153125 0.000000 0.123982 0.161819
0.312000 0.040929 2.177852 0.000000 0.123957 0.162051
0.316000 0.041424 2.202462 0.000000 0.123938 0.162274
0.320000 0.041920 2.227072 0.000000 0.123919 0.162497
0.324000 0.042416 2.251682 0.000000 0.123901 0.162720
0.328000 0.042911 2.276292 0.000000 0.123882 0.162943
0.332000 0.043407 2.300790 0.000000 0.123870 0.163158
0.336000 0.043902 2.325249 0.000000 0.123859 0.163370
0.340000 0.044398 2.349708 0.000000 0.123849 0.163582
0.344000 0.044893 2.374168 0.000000 0.123839 0.163794
0.348000 0.045388 2.398623 0.000000 0.123829 0.164006
0.352000 0.045884 2.422933 0.000000 0.123827 0.164207
0.356000 0.046379 2.447244 0.000000 0.123824 0.164409
0.360000 0.046874 2.471555 0.000000 0.123822 0.164611
0.364000 0.047369 2.495865 0.000000 0.123820 0.164813
0.368000 0.047865 2.520165 0.000000 0.123818 0.165014
0.372000 0.048360 2.544329 0.000000 0.123823 0.165206
0.376000 0.048855 2.568493 0.000000 0.123828 0.165399
0.380000 0.049350 2.592657 0.000000 0.123833 0.165591
0.384000 0.049846 2.616821 0.000000 0.123838 0.165783
0.388000 0.050341 2.640984 0.000000 0.123843 0.165975
0.392000 0.050836 2.665022 0.000000 0.123854 0.166160
0.396000 0.051332 2.689041 0.000000 0.123866 0.166343
0.400000 0.051827 2.713059 0.000000 0.123878 0.166526
0.404000 0.052323 2.737078 0.000000 0.123891 0.166709
0.408000 0.052818 2.761097 0.000000 0.123903 0.166892
0.412000 0.053314 2.785056 0.000000 0.123917 0.167072
0.416000 0.053810 2.808932 0.000000 0.123936 0.167247
0.420000 0.054306 2.832807 0.000000 0.123955 0.167421
0.424000 0.054801 2.856682 0.000000 0.123973 0.167596
0.428000 0.055297 2.880558 0.000000 0.123992 0.167771
0.432000 0.055793 2.904433 0.000000 0.124010 0.167945
0.436000 0.056289 2.928211 0.000000 0.124033 0.168114
0.440000 0.056785 2.951945 0.000000 0.124058 0.168281
0.444000 0.057282 2.975678 0.000000 0.124083 0.168448
0.448000 0.057778 2.999412 0.000000 0.124108 0.168614
0.452000 0.058274 3.023146 0.000000 0.124133 0.168781
0.456000 0.058771 3.046879 0.000000 0.124157 0.168948
0.460000 0.059267 3.070517 0.000000 0.124186 0.169109
0.464000 0.059764 3.094111 0.000000 0.124217 0.169268
0.468000 0.060261 3.117704 0.000000 0.124247 0.169428
0.472000 0.060758 3.141298 0.000000 0.124278 0.169587
0.476000 0.061255 3.164892 0.000000 0.124309 0.169746
0.480000 0.061752 3.188485 0.000000 0.124339 0.169905
0.484000 0.062250 3.212023 0.000000 0.124372 0.170061
0.488000 0.062748 3.235479 0.000000 0.124408 0.170213
0.492000 0.063245 3.258934 0.000000 0.124445 0.170365
0.496000 0.063743 3.282389 0.000000 0.124481 0.170518
0.500000 0.064241 3.305845 0.000000 0.124517 0.170670
0.504000 0.064739 3.329300 0.000000 0.124553 0.170822
0.508000 0.065237 3.352755 0.000000 0.124589 0.170974
0.512000 0.065736 3.376097 0.000000 0.124630 0.171120
0.516000 0.066234 3.399416 0.000000 0.124671 0.171266
0.520000 0.066733 3.422735 0.000000 0.124713 0.171411
0.524000 0.067232 3.446053 0.000000 0.124754 0.171556
0.528000 0.067731 3.469372 0.000000 0.124795 0.171702
0.532000 0.068230 3.492690 0.000000 0.124837 0.171847
0.536000 0.068729 3.516009 0.000000 0.124878 0.171993
0.540000 0.069229 3.539199 0.000000 0.124924 0.172132
0.544000 0.069729 3.562383 0.000000 0.124971 0.172271
0.548000 0.070229 3.585566 0.000000 0.125017 0.172410
0.552000 0.070729 3.608749 0.000000 0.125064 0.172550
0.556000 0.071229 3.631933 0.000000 0.125110 0.172689
0.560000 0.071730 3.655116 0.000000 0.125156 0.172828
0.564000 0.072230 3.678300 0.000000 0.125203 0.172967
0.568000 0.072731 3.701381 0.000000 0.125253 0.173102
0.572000 0.073233 3.724431 0.000000 0.125304 0.173235
0.576000 0.073734 3.747481 0.000000 0.125355 0.173368
0.580000 0.074236 3.770531 0.000000 0.125406 0.173501
0.584000 0.074737 3.793580 0.000000 0.125457 0.173635
0.588000 0.075239 3.816630 0.000000 0.125508 0.173768
0.592000 0.075740 3.839680 0.000000 0.125559 0.173901
0.596000 0.076242 3.862696 0.000000 0.125612 0.174033
0.600000 0.076745 3.885614 0.000000 0.125667 0.174161
0.604000 0.077249 3.908531 0.000000 0.125723 0.174288
0.608000 0.077752 3.931449 0.000000 0.125778 0.174416
0.612000 0.078255 3.954367 0.000000 0.125834 0.174544
0.616000 0.078758 3.977285 0.000000 0.125890 0.174672
0.620000 0.079261 4.000202 0.000000 0.125945 0.174799
0.624000 0.079765 4.023120 0.000000 0.126001 0.174927
0.628000 0.080269 4.045982 0.000000 0.126058 0.175053
0.632000 0.080774 4.068769 0.000000 0.126118 0.175175
0.636000 0.081279 4.091556 0.000000 0.126178 0.175298
0.640000 0.081784 4.114343 0.000000 0.126238 0.175420
0.644000 0.082289 4.137131 0.000000 0.126298 0.175543
0.648000 0.082794 4.159918 0.000000 0.126358 0.175665
0.652000 0.083299 4.182705 0.000000 0.126418 0.175788
0.656000 0.083804 4.205492 0.000000 0.126478 0.175910
0.660000 0.084309 4.228245 0.000000 0.126539 0.176031
0.664000 0.084816 4.250903 0.000000 0.126603 0.176149
0.668000 0.085324 4.273561 0.000000 0.126667 0.176267
0.672000 0.085831 4.296219 0.000000 0.126731 0.176384
0.676000 0.086338 4.318877 0.000000 0.126795 0.176502
0.680000 0.086845 4.341535 0.000000 0.126859 0.176619
0.684000 0.087352 4.364193 0.000000 0.126923 0.176737
0.688000 0.087859 4.386851 0.000000 0.126987 0.176855
0.692000 0.088366 4.409510 0.000000 0.127051 0.176972
0.696000 0.088875 4.432070 0.000000 0.127118 0.177086
0.700000 0.089384 4.454601 0.000000 0.127187 0.177199
0.708000 0.090403 4.499661 0.000000 0.127323 0.177425
0.716000 0.091422 4.544722 0.000000 0.127459 0.177651
0.724000 0.092441 4.589783 0.000000 0.127595 0.177878
0.732000 0.093462 4.634729 0.000000 0.127734 0.178100
0.740000 0.094486 4.679537 0.000000 0.127878 0.178317
0.748000 0.095509 4.724345 0.000000 0.128022 0.178534
0.756000 0.096533 4.769154 0.000000 0.128165 0.178752
0.764000 0.097557 4.813962 0.000000 0.128309 0.178969
0.772000 0.098586 4.858557 0.000000 0.128459 0.179180
0.780000 0.099615 4.903116 0.000000 0.128610 0.179389
0.788000 0.100644 4.947675 0.000000 0.128761 0.179598
0.796000 0.101674 4.992233 0.000000 0.128912 0.179807
0.804000 0.102704 5.036773 0.000000 0.129064 0.180016
0.812000 0.103739 5.081085 0.000000 0.129222 0.180218
0.820000 0.104774 5.125397 0.000000 0.129381 0.180419
0.828000 0.105810 5.169709 0.000000 0.129539 0.180621
0.836000 0.106845 5.214021 0.000000 0.129697 0.180823
0.844000 0.107881 5.258303 0.000000 0.129856 0.181023
0.852000 0.108923 5.302371 0.000000 0.130022 0.181218
0.860000 0.109965 5.346439 0.000000 0.130187 0.181412
0.868000 0.111007 5.390507 0.000000 0.130352 0.181607
0.876000 0.112049 5.434575 0.000000 0.130517 0.181801
0.884000 0.113091 5.478643 0.000000 0.130682 0.181996
0.892000 0.114139 5.522475 0.000000 0.130854 0.182184
0.900000 0.115188 5.566301 0.000000 0.131026 0.182371
0.908000 0.116237 5.610128 0.000000 0.131198 0.182559
0.916000 0.117286 5.653954 0.000000 0.131370 0.182747
0.924000 0.118335 5.697781 0.000000 0.131542 0.182935
0.932000 0.119389 5.741452 0.000000 0.131718 0.183118
0.940000 0.120446 5.785039 0.000000 0.131897 0.183300
0.948000 0.121502 5.828627 0.000000 0.132076 0.183481
0.956000 0.122559 5.872215 0.000000 0.132254 0.183662
0.964000 0.123615 5.915802 0.000000 0.132433 0.183844
0.972000 0.124673 5.959357 0.000000 0.132612 0.184024
0.980000 0.125738 6.002708 0.000000 0.132797 0.184200
0.988000 0.126802 6.046060 0.000000 0.132983 0.184375
0.996000 0.127867 6.089411 0.000000 0.133168 0.184551
1.004000 0.128932 6.132763 0.000000 0.133353 0.184726
1.012000 0.129997 6.176114 0.000000 0.133538 0.184902
1.020000 0.131065 6.219362 0.000000 0.133726 0.185075
1.028000 0.132139 6.262480 0.000000 0.133917 0.185245
1.036000 0.133212 6.305598 0.000000 0.134108 0.185415
1.044000 0.134285 6.348716 0.000000 0.134300 0.185585
1.052000 0.135359 6.391833 0.000000 0.134491 0.185754
1.060000 0.136432 6.434951 0.000000 0.134683 0.185924
1.068000 0.137511 6.477940 0.000000 0.134878 0.186091
1.076000 0.138593 6.520827 0.000000 0.135075 0.186256
1.084000 0.139676 6.563714 0.000000 0.135273 0.186421
1.092000 0.140759 6.606600 0.000000 0.135471 0.186585
1.100000 0.141842 6.649487 0.000000 0.135668 0.186750
1.108000 0.142924 6.692373 0.000000 0.135866 0.186915
1.116000 0.144012 6.735149 0.000000 0.136066 0.187077
1.124000 0.145104 6.777807 0.000000 0.136270 0.187237
1.132000 0.146197 6.820465 0.000000 0.136474 0.187397
1.140000 0.147290 6.863123 0.000000 0.136678 0.187557
1.148000 0.148382 6.905780 0.000000 0.136882 0.187716
1.156000 0.149475 6.948438 0.000000 0.137085 0.187876
1.164000 0.150570 6.991045 0.000000 0.137291 0.188035
1.172000 0.151673 7.033477 0.000000 0.137500 0.188190
1.180000 0.152776 7.075908 0.000000 0.137710 0.188345
1.188000 0.153879 7.118340 0.000000 0.137920 0.188501
1.196000 0.154982 7.160771 0.000000 0.138130 0.188656
1.204000 0.156086 7.203203 0.000000 0.138340 0.188811
1.212000 0.157189 7.245634 0.000000 0.138549 0.188966
1.220000 0.158301 7.287891 0.000000 0.138764 0.189118
1.228000 0.159415 7.330098 0.000000 0.138980 0.189269
1.236000 0.160529 7.372306 0.000000 0.139195 0.189420
1.244000 0.161643 7.414513 0.000000 0.139411 0.189571
1.252000 0.162757 7.456721 0.000000 0.139627 0.189722
1.260000 0.163872 7.498929 0.000000 0.139843 0.189873
1.268000 0.164988 7.541102 0.000000 0.140059 0.190023
1.276000 0.166114 7.583088 0.000000 0.140281 0.190170
1.284000 0.167240 7.625074 0.000000 0.140503 0.190317
1.292000 0.168366 7.667060 0.000000 0.140724 0.190463
1.300000 0.169492 7.709046 0.000000 0.140946 0.190610
1.308000 0.170618 7.751032 0.000000 0.141168 0.190757
1.316000 0.171744 7.793018 0.000000 0.141389 0.190904
1.324000 0.172874 7.834928 0.000000 0.141613 0.191050
1.332000 0.174012 7.876695 0.000000 0.141840 0.191193
1.340000 0.175151 7.918461 0.000000 0.142068 0.191336
1.348000 0.176289 7.960228 0.000000 0.142295 0.191479
1.356000 0.177428 8.001995 0.000000 0.142523 0.191622
1.364000 0.178566 8.043762 0.000000 0.142750 0.191765
1.372000 0.179704 8.085528 0.000000 0.142977 0.191908
1.380000 0.180847 8.127217 0.000000 0.143207 0.192050
1.388000 0.181999 8.168767 0.000000 0.143440 0.192190
1.396000 0.183150 8.210317 0.000000 0.143673 0.192329
1.404000 0.184302 8.251867 0.000000 0.143906 0.192469
1.412000 0.185453 8.293417 0.000000 0.144139 0.192608
1.420000 0.186605 8.334966 0.000000 0.144372 0.192748
1.428000 0.187756 8.376516 0.000000 0.144606 0.192888
1.436000 0.188910 8.418024 0.000000 0.144840 0.193027
1.444000 0.190075 8.459359 0.000000 0.145078 0.193163
1.452000 0.191240 8.500694 0.000000 0.145317 0.193299
1.460000 0.192405 8.542029 0.000000 0.145556 0.193435
1.468000 0.193571 8.583364 0.000000 0.145795 0.193572
1.476000 0.194736 8.624699 0.000000 0.146033 0.193708
1.484000 0.195901 8.666034 0.000000 0.146272 0.193844
1.492000 0.197066 8.707369 0.000000 0.146511 0.193981
1.500000 0.198243 8.748522 0.000000 0.146754 0.194114
1.516000 0.200602 8.830767 0.000000 0.147243 0.194381
1.532000 0.202961 8.913012 0.000000 0.147731 0.194647
1.548000 0.205320 8.995258 0.000000 0.148219 0.194913
1.564000 0.207699 9.077219 0.000000 0.148715 0.195176
1.580000 0.210088 9.159043 0.000000 0.149214 0.195436
1.596000 0.212477 9.240867 0.000000 0.149713 0.195697
1.612000 0.214866 9.322692 0.000000 0.150213 0.195958
1.628000 0.217281 9.404167 0.000000 0.150721 0.196214
1.644000 0.219701 9.485575 0.000000 0.151230 0.196469
1.660000 0.222121 9.566983 0.000000 0.151740 0.196724
1.676000 0.224541 9.648391 0.000000 0.152250 0.196979
1.692000 0.226992 9.729420 0.000000 0.152769 0.197230
1.708000 0.229444 9.810415 0.000000 0.153289 0.197480
1.724000 0.231897 9.891411 0.000000 0.153808 0.197730
1.740000 0.234350 9.972407 0.000000 0.154328 0.197981
1.756000 0.236834 10.053026 0.000000 0.154857 0.198227
1.772000 0.239321 10.133614 0.000000 0.155387 0.198472
1.788000 0.241807 10.214201 0.000000 0.155917 0.198718
1.804000 0.244294 10.294789 0.000000 0.156446 0.198963
1.820000 0.246811 10.375033 0.000000 0.156984 0.199205
1.836000 0.249332 10.455217 0.000000 0.157523 0.199446
1.852000 0.251854 10.535400 0.000000 0.158062 0.199687
1.868000 0.254376 10.615584 0.000000 0.158602 0.199928
1.884000 0.256923 10.695487 0.000000 0.159147 0.200166
1.900000 0.259482 10.775270 0.000000 0.159695 0.200403
1.916000 0.262040 10.855054 0.000000 0.160243 0.200640
1.932000 0.264598 10.934838 0.000000 0.160791 0.200877
1.948000 0.267175 11.014430 0.000000 0.161344 0.201113
1.964000 0.269770 11.093818 0.000000 0.161900 0.201346
1.980000 0.272366 11.173205 0.000000 0.162457 0.201579
1.996000 0.274962 11.252593 0.000000 0.163014 0.201812
2.012000 0.277566 11.331904 0.000000 0.163572 0.202045
2.028000 0.280200 11.410900 0.000000 0.164136 0.202274
2.044000 0.282835 11.489895 0.000000 0.164701 0.202504
2.060000 0.285469 11.568891 0.000000 0.165265 0.202734
2.076000 0.288104 11.647887 0.000000 0.165830 0.202963
2.092000 0.290772 11.726556 0.000000 0.166400 0.203190
2.108000 0.293447 11.805163 0.000000 0.166972 0.203416
2.124000 0.296121 11.883771 0.000000 0.167544 0.203643
2.140000 0.298796 11.962378 0.000000 0.168116 0.203869
2.156000 0.301487 12.040824 0.000000 0.168690 0.204094
2.172000 0.304203 12.119047 0.000000 0.169268 0.204317
2.188000 0.306918 12.197269 0.000000 0.169846 0.204540
2.204000 0.309634 12.275492 0.000000 0.170425 0.204763
2.220000 0.312349 12.353715 0.000000 0.171003 0.204986
2.236000 0.315104 12.431580 0.000000 0.171586 0.205207
2.252000 0.317862 12.509423 0.000000 0.172170 0.205427
2.268000 0.320619 12.587265 0.000000 0.172754 0.205647
2.284000 0.323377 12.665107 0.000000 0.173338 0.205868
2.300000 0.326151 12.742799 0.000000 0.173924 0.206087
2.316000 0.328952 12.820264 0.000000 0.174513 0.206304
2.332000 0.331752 12.897729 0.000000 0.175101 0.206522
2.348000 0.334552 12.975194 0.000000 0.175690 0.206739
2.364000 0.337353 13.052659 0.000000 0.176279 0.206957
2.380000 0.340188 13.129825 0.000000 0.176870 0.207172
2.396000 0.343032 13.206917 0.000000 0.177463 0.207387
2.412000 0.345876 13.284009 0.000000 0.178055 0.207602
2.428000 0.348720 13.361100 0.000000 0.178648 0.207817
2.444000 0.351571 13.438137 0.000000 0.179241 0.208032
2.460000 0.354459 13.514859 0.000000 0.179836 0.208244
2.476000 0.357348 13.591581 0.000000 0.180432 0.208457
2.492000 0.360237 13.668303 0.000000 0.181027 0.208669
2.508000 0.363125 13.745025 0.000000 0.181622 0.208882
2.524000 0.366034 13.821584 0.000000 0.182218 0.209093
2.540000 0.368967 13.897940 0.000000 0.182815 0.209304
2.556000 0.371901 13.974295 0.000000 0.183412 0.209514
2.572000 0.374835 14.050651 0.000000 0.184009 0.209724
2.588000 0.377768 14.127007 0.000000 0.184606 0.209935
2.604000 0.380734 14.203113 0.000000 0.185203 0.210143
2.620000 0.383713 14.279106 0.000000 0.185801 0.210351
2.636000 0.386692 14.355099 0.000000 0.186398 0.210560
2.652000 0.389672 14.431091 0.000000 0.186996 0.210768
2.668000 0.392651 14.507084 0.000000 0.187593 0.210976
2.684000 0.395671 14.582760 0.000000 0.188190 0.211182
2.700000 0.398697 14.658393 0.000000 0.188787 0.211388
2.716000 0.401723 14.734027 0.000000 0.189384 0.211594
2.732000 0.404748 14.809661 0.000000 0.189981 0.211800
2.748000 0.407775 14.885283 0.000000 0.190577 0.212006
2.764000 0.410847 14.960561 0.000000 0.191172 0.212210
2.780000 0.413919 15.035839 0.000000 0.191767 0.212414
2.796000 0.416992 15.111116 0.000000 0.192362 0.212619
2.812000 0.420064 15.186394 0.000000 0.192957 0.212823
2.828000 0.423142 15.261625 0.000000 0.193551 0.213027
2.844000 0.426261 15.336550 0.000000 0.194143 0.213229
2.860000 0.429380 15.411475 0.000000 0.194734 0.213431
2.876000 0.432498 15.486400 0.000000 0.195326 0.213633
2.892000 0.435617 15.561325 0.000000 0.195917 0.213836
2.908000 0.438745 15.636185 0.000000 0.196508 0.214038
2.924000 0.441911 15.710760 0.000000 0.197095 0.214238
2.940000 0.445076 15.785336 0.000000 0.197682 0.214439
2.956000 0.448242 15.859912 0.000000 0.198269 0.214639
2.972000 0.451408 15.934487 0.000000 0.198856 0.214840
2.988000 0.454583 16.008994 0.000000 0.199442 0.215040
3.004000 0.457795 16.083223 0.000000 0.200023 0.215238
3.020000 0.461008 16.157453 0.000000 0.200604 0.215437
3.036000 0.464220 16.231683 0.000000 0.201185 0.215636
3.052000 0.467433 16.305912 0.000000 0.201766 0.215835
3.068000 0.470653 16.380084 0.000000 0.202346 0.216033
3.084000 0.473912 16.453971 0.000000 0.202920 0.216230
3.100000 0.477172 16.527857 0.000000 0.203494 0.216427
3.132000 0.483690 16.675631 0.000000 0.204641 0.216821
3.164000 0.490259 16.823033 0.000000 0.205780 0.217214
3.196000 0.496871 16.970126 0.000000 0.206911 0.217605
3.228000 0.503482 17.117220 0.000000 0.208041 0.217996
3.260000 0.510185 17.263649 0.000000 0.209153 0.218383
3.292000 0.516889 17.410069 0.000000 0.210264 0.218771
3.324000 0.523630 17.556217 0.000000 0.211366 0.219158
3.356000 0.530425 17.701970 0.000000 0.212456 0.219542
3.388000 0.537219 17.847724 0.000000 0.213545 0.219927
3.420000 0.544087 17.992942 0.000000 0.214615 0.220309
3.452000 0.550972 18.138035 0.000000 0.215681 0.220690
3.484000 0.557874 18.283004 0.000000 0.216741 0.221071
3.516000 0.564847 18.427442 0.000000 0.217781 0.221450
3.548000 0.571821 18.571879 0.000000 0.218820 0.221828
3.580000 0.578842 18.715962 0.000000 0.219844 0.222205
3.612000 0.585903 18.859751 0.000000 0.220855 0.222580
3.644000 0.592964 19.003539 0.000000 0.221867 0.222956
3.676000 0.600100 19.146761 0.000000 0.222852 0.223328
3.708000 0.607246 19.289906 0.000000 0.223834 0.223701
3.740000 0.614408 19.432926 0.000000 0.224810 0.224072
3.772000 0.621638 19.575434 0.000000 0.225760 0.224442
3.804000 0.628867 19.717941 0.000000 0.226711 0.224811
3.836000 0.636136 19.860141 0.000000 0.227646 0.225179
3.868000 0.643447 20.002017 0.000000 0.228565 0.225545
3.900000 0.650758 20.143892 0.000000 0.229483 0.225911
3.932000 0.658129 20.285294 0.000000 0.230377 0.226275
3.964000 0.665519 20.426544 0.000000 0.231262 0.226638
3.996000 0.672909 20.567791 0.000000 0.232148 0.227001
4.028000 0.680376 20.708420 0.000000 0.232999 0.227361
4.060000 0.687843 20.849049 0.000000 0.233851 0.227721
4.092000 0.695326 20.989539 0.000000 0.234695 0.228080
4.124000 0.702868 21.129553 0.000000 0.235512 0.228437
4.156000 0.710409 21.269566 0.000000 0.236329 0.228794
4.188000 0.717981 21.409322 0.000000 0.237132 0.229149
4.220000 0.725595 21.548725 0.000000 0.237915 0.229503
4.252000 0.733208 21.688129 0.000000 0.238698 0.229857
4.284000 0.740863 21.827173 0.000000 0.239461 0.230208
4.316000 0.748546 21.965972 0.000000 0.240209 0.230559
4.348000 0.756230 22.104770 0.000000 0.240957 0.230909
4.380000 0.763962 22.243125 0.000000 0.241681 0.231257
4.412000 0.771713 22.381324 0.000000 0.242395 0.231605
4.444000 0.779463 22.519524 0.000000 0.243109 0.231952
4.476000 0.787269 22.657211 0.000000 0.243794 0.232296
4.508000 0.795083 22.794817 0.000000 0.244475 0.232640
4.540000 0.802898 22.932422 0.000000 0.245155 0.232984
4.572000 0.810772 23.069465 0.000000 0.245804 0.233325
4.604000 0.818649 23.206481 0.000000 0.246451 0.233666
4.636000 0.826527 23.343486 0.000000 0.247098 0.234006
4.668000 0.834463 23.479918 0.000000 0.247713 0.234344
4.700000 0.842400 23.616350 0.000000 0.248327 0.234681
4.732000 0.850339 23.752750 0.000000 0.248940 0.235018
4.764000 0.858333 23.888603 0.000000 0.249524 0.235352
4.796000 0.866326 24.024455 0.000000 0.250107 0.235686
4.828000 0.874323 24.160273 0.000000 0.250688 0.236020
4.860000 0.882371 24.295551 0.000000 0.251241 0.236351
4.892000 0.890419 24.430830 0.000000 0.251793 0.236682
4.924000 0.898469 24.566087 0.000000 0.252345 0.237012
4.956000 0.906570 24.700796 0.000000 0.252868 0.237340
4.988000 0.914670 24.835506 0.000000 0.253391 0.237667
5.020000 0.922771 24.970215 0.000000 0.253915 0.237994
5.052000 0.930920 25.104369 0.000000 0.254410 0.238318
5.084000 0.939071 25.238514 0.000000 0.254905 0.238642
5.116000 0.947221 25.372659 0.000000 0.255400 0.238966
5.148000 0.955414 25.506302 0.000000 0.255870 0.239287
5.180000 0.963613 25.639886 0.000000 0.256338 0.239608
5.212000 0.971811 25.773471 0.000000 0.256806 0.239928
5.244000 0.980044 25.906625 0.000000 0.257253 0.240246
5.276000 0.988288 26.039654 0.000000 0.257695 0.240563
5.308000 0.996532 26.172684 0.000000 0.258137 0.240880
5.340000 1.004803 26.305370 0.000000 0.258564 0.241195
5.372000 1.013090 26.437849 0.000000 0.258981 0.241509
5.404000 1.021378 26.570328 0.000000 0.259398 0.241823
5.436000 1.029683 26.702569 0.000000 0.259805 0.242135
5.468000 1.038012 26.834502 0.000000 0.260199 0.242446
5.500000 1.046341 26.966435 0.000000 0.260593 0.242756
5.532000 1.054679 27.098252 0.000000 0.260983 0.243066
5.564000 1.063047 27.229643 0.000000 0.261355 0.243373
5.596000 1.071416 27.361034 0.000000 0.261726 0.243679
5.628000 1.079784 27.492426 0.000000 0.262098 0.243986
5.660000 1.088189 27.623303 0.000000 0.262450 0.244290
5.692000 1.096596 27.754158 0.000000 0.262802 0.244594
5.724000 1.105002 27.885012 0.000000 0.263153 0.244897
5.756000 1.113433 28.015513 0.000000 0.263491 0.245199
5.788000 1.121875 28.145835 0.000000 0.263822 0.245499
5.820000 1.130318 28.276156 0.000000 0.264154 0.245799
5.852000 1.138772 28.406303 0.000000 0.264479 0.246098
5.884000 1.147249 28.536096 0.000000 0.264793 0.246395
5.916000 1.155727 28.665889 0.000000 0.265106 0.246692
5.948000 1.164204 28.795682 0.000000 0.265419 0.246988
5.980000 1.172713 28.924971 0.000000 0.265715 0.247282
6.012000 1.181223 29.054240 0.000000 0.266011 0.247575
6.044000 1.189733 29.183508 0.000000 0.266307 0.247869
6.076000 1.198261 29.312490 0.000000 0.266594 0.248160
6.108000 1.206802 29.441238 0.000000 0.266874 0.248451
6.140000 1.215344 29.569987 0.000000 0.267154 0.248741
6.172000 1.223889 29.698681 0.000000 0.267432 0.249030
6.204000 1.232461 29.826914 0.000000 0.267697 0.249317
6.236000 1.241033 29.955147 0.000000 0.267961 0.249604
6.268000 1.249605 30.083380 0.000000 0.268226 0.249891
6.300000 1.258195 30.211296 0.000000 0.268482 0.250176
6.364000 1.275396 30.466739 0.000000 0.268983 0.250743
6.428000 1.292628 30.721627 0.000000 0.269470 0.251306
6.492000 1.309885 30.976055 0.000000 0.269944 0.251867
6.556000 1.327183 31.229715 0.000000 0.270400 0.252422
6.620000 1.344493 31.483135 0.000000 0.270850 0.252976
6.684000 1.361851 31.735600 0.000000 0.271279 0.253524
6.748000 1.379219 31.987891 0.000000 0.271703 0.254071
6.812000 1.396629 32.239321 0.000000 0.272109 0.254612
6.876000 1.414052 32.490472 0.000000 0.272510 0.255151
6.940000 1.431509 32.740919 0.000000 0.272896 0.255686
7.004000 1.448985 32.990961 0.000000 0.273274 0.256219
7.068000 1.466487 33.240431 0.000000 0.273642 0.256748
7.132000 1.484012 33.489396 0.000000 0.274001 0.257273
7.196000 1.501559 33.737898 0.000000 0.274351 0.257796
7.260000 1.519130 33.985815 0.000000 0.274692 0.258314
7.324000 1.536718 34.233356 0.000000 0.275027 0.258831
7.388000 1.554334 34.480256 0.000000 0.275351 0.259343
7.452000 1.571963 34.726843 0.000000 0.275671 0.259854
7.516000 1.589620 34.972756 0.000000 0.275980 0.260360
7.580000 1.607289 35.218397 0.000000 0.276286 0.260865
7.644000 1.624985 35.463352 0.000000 0.276582 0.261365
7.708000 1.642691 35.708055 0.000000 0.276875 0.261863
7.772000 1.660425 35.952081 0.000000 0.277159 0.262358
7.836000 1.678168 36.195851 0.000000 0.277439 0.262851
7.900000 1.695937 36.438978 0.000000 0.277712 0.263340
7.964000 1.713716 36.681824 0.000000 0.277981 0.263827
8.028000 1.731518 36.924079 0.000000 0.278244 0.264310
8.092000 1.749332 37.166007 0.000000 0.278503 0.264792
8.156000 1.767166 37.407419 0.000000 0.278756 0.265270
8.220000 1.785014 37.648437 0.000000 0.279004 0.265746
8.284000 1.802878 37.889033 0.000000 0.279249 0.266219
8.348000 1.820759 38.129147 0.000000 0.279488 0.266690
8.412000 1.838651 38.368955 0.000000 0.279725 0.267158
8.476000 1.856564 38.608172 0.000000 0.279956 0.267623
8.540000 1.874484 38.847219 0.000000 0.280185 0.268087
8.604000 1.892428 39.085545 0.000000 0.280408 0.268547
8.668000 1.910374 39.323858 0.000000 0.280630 0.269006
8.732000 1.928349 39.561301 0.000000 0.280845 0.269461
8.796000 1.946324 39.798743 0.000000 0.281060 0.269915
8.860000 1.964324 40.035471 0.000000 0.281269 0.270365
8.924000 1.982329 40.272036 0.000000 0.281477 0.270814
8.988000 2.000352 40.508089 0.000000 0.281681 0.271261
9.052000 2.018386 40.743783 0.000000 0.281882 0.271705
9.116000 2.036431 40.979187 0.000000 0.282080 0.272147
9.180000 2.054494 41.214016 0.000000 0.282275 0.272586
9.244000 2.072559 41.448796 0.000000 0.282469 0.273025
9.308000 2.090650 41.682767 0.000000 0.282657 0.273459
9.372000 2.108741 41.916738 0.000000 0.282846 0.273893
9.436000 2.126853 42.150068 0.000000 0.283030 0.274323
9.500000 2.144972 42.383186 0.000000 0.283212 0.274752
9.564000 2.163102 42.615948 0.000000 0.283392 0.275179
9.628000 2.181248 42.848221 0.000000 0.283569 0.275603
9.692000 2.199395 43.080440 0.000000 0.283746 0.276027
9.756000 2.217567 43.311873 0.000000 0.283918 0.276447
9.820000 2.235740 43.543306 0.000000 0.284090 0.276866
9.884000 2.253930 43.774172 0.000000 0.284258 0.277283
9.948000 2.272128 44.004771 0.000000 0.284425 0.277697
10.012000 2.290333 44.235147 0.000000 0.284591 0.278111
10.076000 2.308556 44.464919 0.000000 0.284753 0.278521
10.140000 2.326780 44.694692 0.000000 0.284915 0.278931
10.204000 2.345025 44.923780 0.000000 0.285074 0.279338
10.268000 2.363274 45.152730 0.000000 0.285232 0.279743
10.332000 2.381531 45.381381 0.000000 0.285388 0.280147
10.396000 2.399805 45.609516 0.000000 0.285541 0.280548
10.460000 2.418078 45.837650 0.000000 0.285694 0.280949
10.524000 2.436373 46.065077 0.000000 0.285844 0.281346
10.588000 2.454671 46.292401 0.000000 0.285994 0.281743
10.652000 2.472977 46.519443 0.000000 0.286141 0.282138
10.716000 2.491299 46.745963 0.000000 0.286287 0.282530
10.780000 2.509620 46.972482 0.000000 0.286432 0.282923
10.844000 2.527961 47.198361 0.000000 0.286575 0.283311
10.908000 2.546306 47.424083 0.000000 0.286716 0.283699
10.972000 2.564657 47.649625 0.000000 0.286857 0.284086
11.036000 2.583025 47.874553 0.000000 0.286995 0.284470
11.100000 2.601393 48.099482 0.000000 0.287133 0.284854
11.164000 2.619776 48.323922 0.000000 0.287269 0.285235
11.228000 2.638167 48.548063 0.000000 0.287403 0.285614
11.292000 2.656558 48.772204 0.000000 0.287538 0.285994
11.356000 2.674972 48.995575 0.000000 0.287669 0.286369
11.420000 2.693385 49.218933 0.000000 0.287800 0.286745
11.484000 2.711806 49.442043 0.000000 0.287930 0.287119
11.548000 2.730242 49.664625 0.000000 0.288058 0.287490
11.612000 2.748678 49.887207 0.000000 0.288186 0.287862
11.676000 2.767128 50.109306 0.000000 0.288312 0.288230
11.740000 2.785586 50.331116 0.000000 0.288437 0.288598
11.804000 2.804043 50.552927 0.000000 0.288561 0.288965
11.868000 2.822521 50.774045 0.000000 0.288684 0.289329
11.932000 2.841000 50.995090 0.000000 0.288805 0.289692
11.996000 2.859483 51.216019 0.000000 0.288927 0.290055
12.060000 2.877984 51.436303 0.000000 0.289046 0.290414
12.124000 2.896484 51.656587 0.000000 0.289165 0.290774
12.188000 2.914993 51.876592 0.000000 0.289283 0.291132
12.252000 2.933515 52.096121 0.000000 0.289399 0.291487
12.316000 2.952037 52.315649 0.000000 0.289515 0.291843
12.380000 2.970570 52.534759 0.000000 0.289630 0.292196
12.444000 2.989113 52.753538 0.000000 0.289743 0.292548
12.508000 3.007655 52.972316 0.000000 0.289856 0.292900
12.572000 3.026212 53.190561 0.000000 0.289968 0.293249
12.636000 3.044775 53.408594 0.000000 0.290079 0.293597
12.700000 3.063339 53.626628 0.000000 0.290190 0.293946
12.828000 3.100502 54.061330 0.000000 0.290407 0.294635
12.956000 3.137687 54.495226 0.000000 0.290621 0.295320
13.084000 3.174894 54.928338 0.000000 0.290833 0.296002
13.212000 3.212140 55.359994 0.000000 0.291040 0.296676
13.340000 3.249407 55.790896 0.000000 0.291244 0.297347
13.468000 3.286693 56.221070 0.000000 0.291447 0.298014
13.596000 3.324017 56.649835 0.000000 0.291645 0.298675
13.724000 3.361360 57.077874 0.000000 0.291840 0.299332
13.852000 3.398722 57.505208 0.000000 0.292034 0.299985
13.980000 3.436121 57.931152 0.000000 0.292223 0.300632
14.108000 3.473536 58.356455 0.000000 0.292411 0.301276
14.236000 3.510973 58.780955 0.000000 0.292596 0.301916
14.364000 3.548442 59.204236 0.000000 0.292778 0.302551
14.492000 3.585927 59.626928 0.000000 0.292958 0.303182
14.620000 3.623437 60.048632 0.000000 0.293136 0.303809
14.748000 3.660972 60.469372 0.000000 0.293311 0.304432
14.876000 3.698521 60.889574 0.000000 0.293484 0.305052
15.004000 3.736103 61.308518 0.000000 0.293654 0.305666
15.132000 3.773701 61.726837 0.000000 0.293822 0.306278
15.260000 3.811318 62.144414 0.000000 0.293989 0.306886
15.388000 3.848963 62.560889 0.000000 0.294152 0.307489
15.516000 3.886620 62.976904 0.000000 0.294315 0.308090
15.644000 3.924307 63.391775 0.000000 0.294474 0.308686
15.772000 3.962009 63.806012 0.000000 0.294632 0.309279
15.900000 3.999730 64.219543 0.000000 0.294789 0.309869
16.028000 4.037476 64.632038 0.000000 0.294942 0.310454
16.156000 4.075233 65.044150 0.000000 0.295095 0.311038
16.284000 4.113020 65.455026 0.000000 0.295245 0.311616
16.412000 4.150819 65.865461 0.000000 0.295394 0.312193
16.540000 4.188639 66.275023 0.000000 0.295541 0.312765
16.668000 4.226479 66.683815 0.000000 0.295686 0.313334
16.796000 4.264333 67.092071 0.000000 0.295830 0.313901
16.924000 4.302212 67.499256 0.000000 0.295972 0.314463
17.052000 4.340099 67.906158 0.000000 0.296113 0.315024
17.180000 4.378017 68.311826 0.000000 0.296251 0.315580
17.308000 4.415942 68.717183 0.000000 0.296388 0.316134
17.436000 4.453891 69.121570 0.000000 0.296524 0.316685
17.564000 4.491854 69.525414 0.000000 0.296658 0.317233
17.692000 4.529835 69.928528 0.000000 0.296791 0.317777
17.820000 4.567834 70.330894 0.000000 0.296922 0.318319
17.948000 4.605845 70.732742 0.000000 0.297052 0.318859
18.076000 4.643879 71.133663 0.000000 0.297180 0.319394
18.204000 4.681922 71.534254 0.000000 0.297308 0.319929
18.332000 4.719990 71.933762 0.000000 0.297433 0.320459
18.460000 4.758063 72.333104 0.000000 0.297558 0.320988
18.588000 4.796165 72.731232 0.000000 0.297681 0.321512
18.716000 4.834270 73.129247 0.000000 0.297803 0.322036
18.844000 4.872402 73.526113 0.000000 0.297923 0.322555
18.972000 4.910539 73.922803 0.000000 0.298043 0.323073
19.100000 4.948701 74.318443 0.000000 0.298161 0.323587
19.228000 4.986869 74.713842 0.000000 0.298278 0.324101
19.356000 5.025060 75.108262 0.000000 0.298394 0.324610
19.484000 5.063258 75.502399 0.000000 0.298509 0.325118
19.612000 5.101478 75.895608 0.000000 0.298622 0.325622
19.740000 5.139706 76.288515 0.000000 0.298735 0.326125
19.868000 5.177954 76.680520 0.000000 0.298846 0.326625
19.996000 5.216210 77.072227 0.000000 0.298957 0.327123
20.124000 5.254487 77.463036 0.000000 0.299066 0.327618
20.252000 5.292771 77.853572 0.000000 0.299174 0.328112
20.380000 5.331076 78.243191 0.000000 0.299281 0.328602
20.508000 5.369386 78.632587 0.000000 0.299388 0.329092
20.636000 5.407719 79.021024 0.000000 0.299493 0.329577
20.764000 5.446056 79.409309 0.000000 0.299597 0.330062
20.892000 5.484416 79.796571 0.000000 0.299700 0.330543
21.020000 5.522778 80.183774 0.000000 0.299803 0.331024
21.148000 5.561166 80.569867 0.000000 0.299904 0.331501
21.276000 5.599553 80.955961 0.000000 0.300005 0.331977
21.404000 5.637967 81.340950 0.000000 0.300104 0.332450
21.532000 5.676381 81.725883 0.000000 0.300203 0.332922
21.660000 5.714818 82.109853 0.000000 0.300301 0.333390
21.788000 5.753260 82.493632 0.000000 0.300398 0.333858
21.916000 5.791720 82.876612 0.000000 0.300494 0.334323
22.044000 5.830187 83.259244 0.000000 0.300589 0.334786
22.172000 5.868669 83.641262 0.000000 0.300684 0.335247
22.300000 5.907163 84.022753 0.000000 0.300777 0.335707
22.428000 5.945667 84.403836 0.000000 0.300870 0.336164
22.556000 5.984187 84.784194 0.000000 0.300962 0.336619
22.684000 6.022711 85.164369 0.000000 0.301054 0.337074
22.812000 6.061257 85.543600 0.000000 0.301144 0.337524
22.940000 6.099803 85.922832 0.000000 0.301234 0.337975
23.068000 6.138373 86.301005 0.000000 0.301323 0.338422
23.196000 6.176944 86.679117 0.000000 0.301411 0.338869
23.324000 6.215533 87.056442 0.000000 0.301498 0.339313
23.452000 6.254130 87.433440 0.000000 0.301585 0.339755
23.580000 6.292737 87.809943 0.000000 0.301671 0.340196
23.708000 6.331359 88.185834 0.000000 0.301757 0.340635
23.836000 6.369984 88.561541 0.000000 0.301842 0.341073
23.964000 6.408631 88.936331 0.000000 0.301925 0.341507
24.092000 6.447277 89.311122 0.000000 0.302009 0.341942
24.220000 6.485944 89.684964 0.000000 0.302092 0.342373
24.348000 6.524615 90.058661 0.000000 0.302174 0.342804
24.476000 6.563299 90.431764 0.000000 0.302255 0.343233
24.604000 6.601994 90.804373 0.000000 0.302336 0.343660
24.732000 6.640694 91.176763 0.000000 0.302416 0.344086
24.860000 6.679414 91.548290 0.000000 0.302496 0.344509
24.988000 6.718133 91.919817 0.000000 0.302575 0.344932
25.116000 6.756872 92.290443 0.000000 0.302653 0.345352
25.244000 6.795615 92.660895 0.000000 0.302731 0.345771
25.372000 6.834369 93.030862 0.000000 0.302808 0.346189
25.500000 6.873136 93.400246 0.000000 0.302884 0.346604
25.756000 6.950694 94.137899 0.000000 0.303036 0.347432
26.012000 7.028289 94.873886 0.000000 0.303185 0.348253
26.268000 7.105919 95.608235 0.000000 0.303332 0.349069
26.524000 7.183592 96.340662 0.000000 0.303477 0.349878
26.780000 7.261304 97.071314 0.000000 0.303620 0.350681
27.036000 7.339049 97.800399 0.000000 0.303760 0.351479
27.292000 7.416828 98.527947 0.000000 0.303899 0.352272
27.548000 7.494640 99.253984 0.000000 0.304036 0.353060
27.804000 7.572493 99.978125 0.000000 0.304171 0.353841
28.060000 7.650380 100.700639 0.000000 0.304304 0.354617
28.316000 7.728299 101.421711 0.000000 0.304435 0.355388
28.572000 7.806248 102.141368 0.000000 0.304565 0.356155
28.828000 7.884232 102.859416 0.000000 0.304693 0.356916
29.084000 7.962253 103.575678 0.000000 0.304819 0.357671
29.340000 8.040303 104.290591 0.000000 0.304943 0.358422
29.596000 8.118382 105.004182 0.000000 0.305066 0.359169
29.852000 8.196492 105.716239 0.000000 0.305187 0.359911
30.108000 8.274640 106.426559 0.000000 0.305307 0.360647
30.364000 8.352814 107.135620 0.000000 0.305425 0.361379
30.620000 8.431014 107.843448 0.000000 0.305542 0.362107
30.876000 8.509249 108.549614 0.000000 0.305657 0.362831
31.132000 8.587514 109.254292 0.000000 0.305771 0.363549
31.388000 8.665805 109.957799 0.000000 0.305883 0.364264
31.644000 8.744120 110.660091 0.000000 0.305995 0.364974
31.900000 8.822475 111.360530 0.000000 0.306104 0.365679
32.156000 8.900852 112.059859 0.000000 0.306213 0.366381
32.412000 8.979251 112.758101 0.000000 0.306320 0.367079
32.668000 9.057686 113.454660 0.000000 0.306426 0.367773
32.924000 9.136146 114.149950 0.000000 0.306530 0.368462
33.180000 9.214628 114.844212 0.000000 0.306634 0.369148
33.436000 9.293140 115.537001 0.000000 0.306736 0.369830
33.692000 9.371680 116.228389 0.000000 0.306837 0.370507
33.948000 9.450241 116.918806 0.000000 0.306937 0.371181
34.204000 9.528828 117.607867 0.000000 0.307036 0.371852
34.460000 9.607446 118.295487 0.000000 0.307134 0.372518
34.716000 9.686082 118.982192 0.000000 0.307230 0.373181
34.972000 9.764744 119.667564 0.000000 0.307326 0.373841
35.228000 9.843435 120.351548 0.000000 0.307420 0.374496
35.484000 9.922143 121.034672 0.000000 0.307514 0.375149
35.740000 10.000880 121.716394 0.000000 0.307607 0.375797
35.996000 10.079641 122.396871 0.000000 0.307698 0.376442
36.252000 10.158419 123.076542 0.000000 0.307789 0.377085
36.508000 10.237228 123.754652 0.000000 0.307878 0.377723
36.764000 10.316057 124.431748 0.000000 0.307967 0.378359
37.020000 10.394901 125.108067 0.000000 0.308055 0.378991
37.276000 10.473781 125.782629 0.000000 0.308141 0.379619
37.532000 10.552674 126.456468 0.000000 0.308227 0.380245
37.788000 10.631590 127.129233 0.000000 0.308313 0.380868
38.044000 10.710532 127.800608 0.000000 0.308397 0.381487
38.300000 10.789488 128.471313 0.000000 0.308480 0.382104
38.556000 10.868473 129.140560 0.000000 0.308563 0.382717
38.812000 10.947476 129.808870 0.000000 0.308644 0.383327
39.068000 11.026494 130.476373 0.000000 0.308725 0.383935
39.324000 11.105544 131.142326 0.000000 0.308805 0.384538
39.580000 11.184604 131.807687 0.000000 0.308885 0.385140
39.836000 11.263691 132.471728 0.000000 0.308963 0.385739
40.092000 11.342796 133.134800 0.000000 0.309041 0.386334
40.348000 11.421916 133.797123 0.000000 0.309118 0.386928
40.604000 11.501066 134.457944 0.000000 0.309194 0.387517
40.860000 11.580225 135.118251 0.000000 0.309270 0.388105
41.116000 11.659411 135.777164 0.000000 0.309345 0.388690
41.372000 11.738612 136.435285 0.000000 0.309419 0.389272
41.628000 11.817831 137.092507 0.000000 0.309493 0.389851
41.884000 11.897074 137.748478 0.000000 0.309566 0.390428
42.140000 11.976325 138.404009 0.000000 0.309638 0.391003
42.396000 12.055609 139.057874 0.000000 0.309710 0.391573
42.652000 12.134900 139.711320 0.000000 0.309781 0.392143
42.908000 12.214215 140.363519 0.000000 0.309851 0.392709
43.164000 12.293546 141.014914 0.000000 0.309920 0.393273
43.420000 12.372892 141.665456 0.000000 0.309990 0.393834
43.676000 12.452261 142.314835 0.000000 0.310058 0.394393
43.932000 12.531639 142.963728 0.000000 0.310126 0.394950
44.188000 12.611046 143.611127 0.000000 0.310193 0.395504
44.444000 12.690458 144.258212 0.000000 0.310260 0.396056
44.700000 12.769899 144.903833 0.000000 0.310326 0.396605
44.956000 12.849347 145.548997 0.000000 0.310391 0.397153
45.212000 12.928818 146.192994 0.000000 0.310456 0.397697
45.468000 13.008302 146.836273 0.000000 0.310521 0.398240
45.724000 13.087804 147.478654 0.000000 0.310585 0.398780
45.980000 13.167323 148.120080 0.000000 0.310648 0.399318
46.236000 13.246854 148.760853 0.000000 0.310711 0.399855
46.492000 13.326407 149.400460 0.000000 0.310773 0.400388
46.748000 13.405968 150.039634 0.000000 0.310835 0.400920
47.004000 13.485555 150.677455 0.000000 0.310896 0.401449
47.260000 13.565146 151.315036 0.000000 0.310957 0.401977
47.516000 13.644765 151.951104 0.000000 0.311017 0.402501
47.772000 13.724386 152.587026 0.000000 0.311077 0.403025
48.028000 13.804036 153.221448 0.000000 0.311136 0.403545
48.284000 13.883689 153.855674 0.000000 0.311195 0.404064
48.540000 13.963368 154.488527 0.000000 0.311254 0.404581
48.796000 14.043052 155.121088 0.000000 0.311312 0.405096
49.052000 14.122759 155.752381 0.000000 0.311369 0.405608
49.308000 14.202473 156.383309 0.000000 0.311426 0.406120
49.564000 14.282209 157.013049 0.000000 0.311483 0.406628
49.820000 14.361953 157.642374 0.000000 0.311539 0.407135
50.076000 14.441717 158.270569 0.000000 0.311595 0.407640
50.332000 14.521489 158.898324 0.000000 0.311650 0.408144
50.588000 14.601282 159.524981 0.000000 0.311705 0.408644
50.844000 14.681082 160.151195 0.000000 0.311759 0.409144
51.100000 14.760902 160.776322 0.000000 0.311813 0.409641
51.612000 14.920578 162.024630 0.000000 0.311920 0.410631
52.124000 15.080308 163.269943 0.000000 0.312025 0.411613
52.636000 15.240092 164.512298 0.000000 0.312129 0.412588
53.148000 15.399929 165.751732 0.000000 0.312231 0.413556
53.660000 15.559817 166.988282 0.000000 0.312332 0.414517
54.172000 15.719757 168.221983 0.000000 0.312432 0.415471
54.684000 15.879747 169.452872 0.000000 0.312530 0.416419
55.196000 16.039787 170.680984 0.000000 0.312626 0.417360
55.708000 16.199875 171.906354 0.000000 0.312722 0.418295
56.220000 16.360012 173.129019 0.000000 0.312816 0.419224
56.732000 16.520196 174.349011 0.000000 0.312908 0.420146
57.244000 16.680427 175.566367 0.000000 0.313000 0.421062
57.756000 16.840705 176.781031 0.000000 0.313090 0.421972
58.268000 17.001032 177.992909 0.000000 0.313179 0.422876
58.780000 17.161404 179.202231 0.000000 0.313267 0.423774
59.292000 17.321821 180.409031 0.000000 0.313354 0.424666
59.804000 17.482280 181.613342 0.000000 0.313439 0.425552
60.316000 17.642783 182.815197 0.000000 0.313524 0.426433
60.828000 17.803328 184.014629 0.000000 0.313607 0.427309
61.340000 17.963914 185.211670 0.000000 0.313690 0.428179
61.852000 18.124541 186.406352 0.000000 0.313771 0.429044
62.364000 18.285214 187.598394 0.000000 0.313852 0.429903
62.876000 18.445929 188.787980 0.000000 0.313931 0.430757
63.388000 18.606684 189.975284 0.000000 0.314010 0.431605
63.900000 18.767477 191.160336 0.000000 0.314087 0.432449
64.412000 18.928308 192.343169 0.000000 0.314164 0.433288
64.924000 19.089176 193.523811 0.000000 0.314239 0.434122
65.436000 19.250084 194.702138 0.000000 0.314314 0.434952
65.948000 19.411036 195.877916 0.000000 0.314388 0.435775
66.460000 19.572023 197.051578 0.000000 0.314461 0.436595
66.972000 19.733045 198.223154 0.000000 0.314533 0.437410
67.484000 19.894103 199.392673 0.000000 0.314605 0.438220
67.996000 20.055195 200.560164 0.000000 0.314675 0.439026
68.508000 20.216329 201.725086 0.000000 0.314745 0.439827
69.020000 20.377499 202.887936 0.000000 0.314814 0.440623
69.532000 20.538702 204.048828 0.000000 0.314882 0.441416
70.044000 20.699937 205.207792 0.000000 0.314950 0.442204
70.556000 20.861204 206.364818 0.000000 0.315017 0.442988
71.068000 21.022514 207.519273 0.000000 0.315083 0.443767
71.580000 21.183855 208.671869 0.000000 0.315148 0.444542
72.092000 21.345227 209.822633 0.000000 0.315213 0.445314
72.604000 21.506628 210.971593 0.000000 0.315277 0.446081
73.116000 21.668068 212.118253 0.000000 0.315340 0.446844
73.628000 21.829541 213.262874 0.000000 0.315403 0.447603
74.140000 21.991043 214.405757 0.000000 0.315465 0.448359
74.652000 22.152572 215.546929 0.000000 0.315526 0.449111
75.164000 22.314138 216.685938 0.000000 0.315587 0.449858
75.676000 22.475737 217.822898 0.000000 0.315647 0.450602
76.188000 22.637363 218.958212 0.000000 0.315706 0.451342
76.700000 22.799015 220.091906 0.000000 0.315765 0.452079
77.212000 22.960704 221.223363 0.000000 0.315823 0.452811
77.724000 23.122423 222.352969 0.000000 0.315881 0.453540
78.236000 23.284168 223.481017 0.000000 0.315938 0.454266
78.748000 23.445938 224.607497 0.000000 0.315995 0.454989
79.260000 23.607747 225.731541 0.000000 0.316051 0.455707
79.772000 23.769580 226.854091 0.000000 0.316106 0.456422
80.284000 23.931437 227.975171 0.000000 0.316162 0.457134
80.796000 24.093326 229.094264 0.000000 0.316216 0.457843
81.308000 24.255246 230.211459 0.000000 0.316270 0.458547
81.820000 24.417188 231.327245 0.000000 0.316323 0.459249
82.332000 24.579156 232.441468 0.000000 0.316376 0.459948
82.844000 24.741159 233.553450 0.000000 0.316429 0.460643
83.356000 24.903183 234.664083 0.000000 0.316481 0.461335
83.868000 25.065229 235.773390 0.000000 0.316532 0.462025
84.380000 25.227312 236.880386 0.000000 0.316583 0.462710
84.892000 25.389416 237.986004 0.000000 0.316634 0.463393
85.404000 25.551541 239.090354 0.000000 0.316684 0.464073
85.916000 25.713699 240.192584 0.000000 0.316734 0.464750
86.428000 25.875881 241.293323 0.000000 0.316783 0.465423
86.940000 26.038082 242.392853 0.000000 0.316832 0.466094
87.452000 26.200314 243.490357 0.000000 0.316880 0.466762
87.964000 26.362571 244.586352 0.000000 0.316928 0.467427
88.476000 26.524846 245.681193 0.000000 0.316975 0.468089
88.988000 26.687152 246.774013 0.000000 0.317022 0.468748
89.500000 26.849481 247.865396 0.000000 0.317069 0.469404
90.012000 27.011827 248.955680 0.000000 0.317115 0.470059
90.524000 27.174206 250.043855 0.000000 0.317161 0.470709
91.036000 27.336605 251.130756 0.000000 0.317207 0.471357
91.548000 27.499020 252.216612 0.000000 0.317252 0.472003
92.060000 27.661471 253.300182 0.000000 0.317297 0.472645
92.572000 27.823938 254.382728 0.000000 0.317341 0.473285
93.084000 27.986424 255.464009 0.000000 0.317385 0.473923
93.596000 28.148941 256.543286 0.000000 0.317429 0.474557
94.108000 28.311473 257.621604 0.000000 0.317472 0.475190
94.620000 28.474030 258.698338 0.000000 0.317515 0.475820
95.132000 28.636611 259.773459 0.000000 0.317558 0.476447
95.644000 28.799206 260.847673 0.000000 0.317600 0.477072
96.156000 28.961832 261.919897 0.000000 0.317642 0.477694
96.668000 29.124476 262.990984 0.000000 0.317683 0.478313
97.180000 29.287136 264.060968 0.000000 0.317725 0.478931
97.692000 29.449826 265.128969 0.000000 0.317766 0.479545
98.204000 29.612530 266.196144 0.000000 0.317806 0.480158
98.716000 29.775258 267.261674 0.000000 0.317847 0.480768
99.228000 29.938007 268.325832 0.000000 0.317886 0.481376
99.740000 30.100769 269.389149 0.000000 0.317926 0.481982
100.252000 30.263564 270.450328 0.000000 0.317966 0.482584
100.764000 30.426370 271.510761 0.000000 0.318005 0.483186
101.276000 30.589199 272.569681 0.000000 0.318043 0.483784
101.788000 30.752048 273.627202 0.000000 0.318082 0.484380
