0.001000 0.000167 0.013565 0.000000 0.166669 0.086024
0.002000 0.000328 0.024574 0.000000 0.156909 0.094736
0.003000 0.000482 0.034828 0.000000 0.150423 0.099973
0.004000 0.000630 0.044633 0.000000 0.145670 0.103717
0.005000 0.000774 0.054132 0.000000 0.141946 0.106643
0.006000 0.000914 0.063401 0.000000 0.138899 0.109048
0.007000 0.001052 0.072481 0.000000 0.136350 0.111080
0.008000 0.001187 0.081407 0.000000 0.134164 0.112842
0.009000 0.001320 0.090201 0.000000 0.132261 0.114395
0.010000 0.001451 0.098888 0.000000 0.130569 0.115791
0.011000 0.001581 0.107477 0.000000 0.129054 0.117057
0.012000 0.001710 0.115971 0.000000 0.127699 0.118205
0.013000 0.001837 0.124389 0.000000 0.126464 0.119264
0.014000 0.001963 0.132736 0.000000 0.125331 0.120246
0.015000 0.002087 0.141019 0.000000 0.124288 0.121162
0.016000 0.002211 0.149245 0.000000 0.123319 0.122021
0.017000 0.002334 0.157406 0.000000 0.122431 0.122820
0.018000 0.002456 0.165516 0.000000 0.121602 0.123574
0.019000 0.002577 0.173583 0.000000 0.120820 0.124292
0.020000 0.002698 0.181613 0.000000 0.120078 0.124978
0.021000 0.002818 0.189581 0.000000 0.119400 0.125617
0.022000 0.002937 0.197521 0.000000 0.118746 0.126236
0.023000 0.003055 0.205424 0.000000 0.118129 0.126826
0.024000 0.003173 0.213283 0.000000 0.117550 0.127387
0.025000 0.003290 0.221124 0.000000 0.116988 0.127935
0.026000 0.003407 0.228911 0.000000 0.116469 0.128447
0.027000 0.003523 0.236691 0.000000 0.115957 0.128956
0.028000 0.003639 0.244416 0.000000 0.115487 0.129430
0.029000 0.003754 0.252136 0.000000 0.115021 0.129901
0.030000 0.003869 0.259809 0.000000 0.114588 0.130345
0.031000 0.003983 0.267470 0.000000 0.114164 0.130782
0.032000 0.004097 0.275101 0.000000 0.113759 0.131204
0.033000 0.004211 0.282704 0.000000 0.113374 0.131609
0.034000 0.004324 0.290304 0.000000 0.112990 0.132013
0.035000 0.004437 0.297849 0.000000 0.112641 0.132389
0.036000 0.004549 0.305394 0.000000 0.112291 0.132765
0.037000 0.004662 0.312918 0.000000 0.111954 0.133131
0.038000 0.004773 0.320407 0.000000 0.111637 0.133480
0.039000 0.004885 0.327895 0.000000 0.111320 0.133829
0.040000 0.004996 0.335356 0.000000 0.111018 0.134165
0.041000 0.005107 0.342789 0.000000 0.110731 0.134488
0.042000 0.005217 0.350222 0.000000 0.110443 0.134812
0.043000 0.005328 0.357632 0.000000 0.110168 0.135125
0.044000 0.005438 0.365010 0.000000 0.109908 0.135426
0.045000 0.005548 0.372388 0.000000 0.109648 0.135726
0.046000 0.005657 0.379761 0.000000 0.109390 0.136024
0.047000 0.005766 0.387085 0.000000 0.109155 0.136303
0.048000 0.005875 0.394409 0.000000 0.108920 0.136581
0.049000 0.005984 0.401734 0.000000 0.108685 0.136860
0.050000 0.006093 0.409031 0.000000 0.108462 0.137128
0.051000 0.006201 0.416302 0.000000 0.108249 0.137387
0.052000 0.006309 0.423573 0.000000 0.108037 0.137645
0.053000 0.006417 0.430844 0.000000 0.107825 0.137904
0.054000 0.006525 0.438082 0.000000 0.107626 0.138151
0.055000 0.006632 0.445300 0.000000 0.107435 0.138390
0.056000 0.006740 0.452518 0.000000 0.107244 0.138630
0.057000 0.006847 0.459737 0.000000 0.107052 0.138870
0.058000 0.006954 0.466931 0.000000 0.106870 0.139102
0.059000 0.007061 0.474098 0.000000 0.106698 0.139325
0.060000 0.007167 0.481264 0.000000 0.106525 0.139548
0.061000 0.007274 0.488431 0.000000 0.106353 0.139770
0.062000 0.007380 0.495598 0.000000 0.106181 0.139993
0.063000 0.007486 0.502715 0.000000 0.106026 0.140200
0.064000 0.007592 0.509831 0.000000 0.105871 0.140407
0.065000 0.007698 0.516946 0.000000 0.105716 0.140614
0.066000 0.007804 0.524062 0.000000 0.105561 0.140820
0.067000 0.007909 0.531171 0.000000 0.105409 0.141025
0.068000 0.008014 0.538236 0.000000 0.105270 0.141217
0.069000 0.008120 0.545301 0.000000 0.105131 0.141409
0.070000 0.008225 0.552367 0.000000 0.104992 0.141601
0.071000 0.008330 0.559432 0.000000 0.104853 0.141793
0.072000 0.008435 0.566498 0.000000 0.104714 0.141985
0.073000 0.008539 0.573517 0.000000 0.104589 0.142164
0.074000 0.008644 0.580533 0.000000 0.104464 0.142343
0.075000 0.008748 0.587549 0.000000 0.104340 0.142521
0.076000 0.008852 0.594565 0.000000 0.104215 0.142699
0.077000 0.008957 0.601580 0.000000 0.104091 0.142878
0.078000 0.009061 0.608581 0.000000 0.103971 0.143052
0.079000 0.009164 0.615548 0.000000 0.103860 0.143218
0.080000 0.009268 0.622515 0.000000 0.103748 0.143383
0.081000 0.009372 0.629482 0.000000 0.103637 0.143549
0.082000 0.009475 0.636448 0.000000 0.103526 0.143714
0.083000 0.009579 0.643415 0.000000 0.103415 0.143880
0.084000 0.009683 0.650369 0.000000 0.103307 0.144043
0.085000 0.009786 0.657288 0.000000 0.103208 0.144196
0.086000 0.009889 0.664206 0.000000 0.103109 0.144350
0.087000 0.009992 0.671125 0.000000 0.103010 0.144504
0.088000 0.010095 0.678044 0.000000 0.102911 0.144658
0.089000 0.010198 0.684963 0.000000 0.102812 0.144812
0.090000 0.010301 0.691881 0.000000 0.102713 0.144966
0.091000 0.010403 0.698763 0.000000 0.102622 0.145111
0.092000 0.010506 0.705634 0.000000 0.102534 0.145254
0.093000 0.010608 0.712505 0.000000 0.102446 0.145398
0.094000 0.010710 0.719376 0.000000 0.102358 0.145541
0.095000 0.010813 0.726248 0.000000 0.102270 0.145684
0.096000 0.010915 0.733119 0.000000 0.102182 0.145827
0.097000 0.011018 0.739990 0.000000 0.102094 0.145970
0.098000 0.011119 0.746824 0.000000 0.102014 0.146105
0.099000 0.011221 0.753648 0.000000 0.101936 0.146238
0.100000 0.011323 0.760473 0.000000 0.101858 0.146371
0.102000 0.011527 0.774121 0.000000 0.101702 0.146637
0.104000 0.011730 0.787770 0.000000 0.101546 0.146903
0.106000 0.011933 0.801360 0.000000 0.101401 0.147157
0.108000 0.012135 0.814916 0.000000 0.101264 0.147405
0.110000 0.012338 0.828472 0.000000 0.101126 0.147652
0.112000 0.012540 0.842028 0.000000 0.100988 0.147899
0.114000 0.012742 0.855530 0.000000 0.100860 0.148137
0.116000 0.012943 0.868995 0.000000 0.100740 0.148367
0.118000 0.013145 0.882459 0.000000 0.100619 0.148597
0.120000 0.013346 0.895924 0.000000 0.100498 0.148827
0.122000 0.013547 0.909367 0.000000 0.100380 0.149053
0.124000 0.013748 0.922742 0.000000 0.100275 0.149267
0.126000 0.013948 0.936116 0.000000 0.100169 0.149482
0.128000 0.014148 0.949491 0.000000 0.100063 0.149696
0.130000 0.014348 0.962866 0.000000 0.099958 0.149910
0.132000 0.014548 0.976189 0.000000 0.099860 0.150116
0.134000 0.014748 0.989475 0.000000 0.099768 0.150315
0.136000 0.014947 1.002761 0.000000 0.099676 0.150515
0.138000 0.015146 1.016047 0.000000 0.099585 0.150714
0.140000 0.015346 1.029333 0.000000 0.099493 0.150914
0.142000 0.015545 1.042569 0.000000 0.099408 0.151105
0.144000 0.015743 1.055767 0.000000 0.099329 0.151291
0.146000 0.015942 1.068965 0.000000 0.099250 0.151477
0.148000 0.016140 1.082164 0.000000 0.099171 0.151663
0.150000 0.016339 1.095362 0.000000 0.099092 0.151849
0.152000 0.016537 1.108544 0.000000 0.099015 0.152032
0.154000 0.016734 1.121656 0.000000 0.098947 0.152205
0.156000 0.016932 1.134767 0.000000 0.098880 0.152379
0.158000 0.017130 1.147879 0.000000 0.098812 0.152552
0.160000 0.017327 1.160991 0.000000 0.098745 0.152725
0.162000 0.017525 1.174103 0.000000 0.098677 0.152898
0.164000 0.017722 1.187179 0.000000 0.098614 0.153067
0.166000 0.017919 1.200206 0.000000 0.098557 0.153228
0.168000 0.018116 1.213232 0.000000 0.098500 0.153390
0.170000 0.018313 1.226258 0.000000 0.098443 0.153551
0.172000 0.018510 1.239285 0.000000 0.098387 0.153713
0.174000 0.018707 1.252311 0.000000 0.098330 0.153874
0.176000 0.018904 1.265319 0.000000 0.098275 0.154033
0.178000 0.019100 1.278261 0.000000 0.098228 0.154184
0.180000 0.019296 1.291203 0.000000 0.098180 0.154335
0.182000 0.019493 1.304145 0.000000 0.098133 0.154485
0.184000 0.019689 1.317087 0.000000 0.098086 0.154636
0.186000 0.019885 1.330029 0.000000 0.098039 0.154787
0.188000 0.020081 1.342971 0.000000 0.097991 0.154937
0.190000 0.020277 1.355864 0.000000 0.097949 0.155082
0.192000 0.020473 1.368723 0.000000 0.097911 0.155223
0.194000 0.020669 1.381582 0.000000 0.097872 0.155363
0.196000 0.020864 1.394441 0.000000 0.097834 0.155504
0.198000 0.021060 1.407300 0.000000 0.097796 0.155645
0.200000 0.021256 1.420159 0.000000 0.097757 0.155785
0.202000 0.021451 1.433017 0.000000 0.097719 0.155926
0.204000 0.021647 1.445837 0.000000 0.097684 0.156062
0.206000 0.021842 1.458614 0.000000 0.097654 0.156194
0.208000 0.022037 1.471391 0.000000 0.097624 0.156325
0.210000 0.022232 1.484167 0.000000 0.097593 0.156457
0.212000 0.022427 1.496944 0.000000 0.097563 0.156588
0.214000 0.022622 1.509721 0.000000 0.097533 0.156720
0.216000 0.022818 1.522497 0.000000 0.097502 0.156851
0.218000 0.023013 1.535274 0.000000 0.097472 0.156982
0.220000 0.023207 1.547981 0.000000 0.097448 0.157106
0.222000 0.023402 1.560676 0.000000 0.097425 0.157229
0.224000 0.023597 1.573372 0.000000 0.097402 0.157352
0.226000 0.023792 1.586067 0.000000 0.097380 0.157475
0.228000 0.023986 1.598763 0.000000 0.097357 0.157598
0.230000 0.024181 1.611459 0.000000 0.097334 0.157721
0.232000 0.024376 1.624154 0.000000 0.097311 0.157844
0.234000 0.024571 1.636850 0.000000 0.097288 0.157966
0.236000 0.024765 1.649487 0.000000 0.097270 0.158083
0.238000 0.024959 1.662103 0.000000 0.097254 0.158198
0.240000 0.025154 1.674718 0.000000 0.097238 0.158313
0.242000 0.025348 1.687334 0.000000 0.097222 0.158428
0.244000 0.025543 1.699949 0.000000 0.097206 0.158543
0.246000 0.025737 1.712565 0.000000 0.097190 0.158658
0.248000 0.025932 1.725180 0.000000 0.097174 0.158773
0.250000 0.026126 1.737796 0.000000 0.097158 0.158888
0.252000 0.026320 1.750409 0.000000 0.097142 0.159003
0.254000 0.026514 1.762946 0.000000 0.097132 0.159110
0.256000 0.026709 1.775482 0.000000 0.097122 0.159218
0.258000 0.026903 1.788019 0.000000 0.097112 0.159326
0.260000 0.027097 1.800555 0.000000 0.097102 0.159433
0.262000 0.027291 1.813092 0.000000 0.097092 0.159541
0.264000 0.027485 1.825628 0.000000 0.097083 0.159649
0.266000 0.027680 1.838164 0.000000 0.097073 0.159756
0.268000 0.027874 1.850701 0.000000 0.097063 0.159864
0.270000 0.028068 1.863237 0.000000 0.097053 0.159971
0.272000 0.028262 1.875716 0.000000 0.097048 0.160074
0.274000 0.028456 1.888175 0.000000 0.097044 0.160175
0.276000 0.028650 1.900633 0.000000 0.097040 0.160276
0.278000 0.028844 1.913091 0.000000 0.097035 0.160377
0.280000 0.029038 1.925550 0.000000 0.097031 0.160477
0.282000 0.029232 1.938008 0.000000 0.097027 0.160578
0.284000 0.029426 1.950467 0.000000 0.097023 0.160679
0.286000 0.029620 1.962925 0.000000 0.097019 0.160780
0.288000 0.029814 1.975383 0.000000 0.097015 0.160881
0.290000 0.030008 1.987842 0.000000 0.097011 0.160982
0.292000 0.030202 2.000237 0.000000 0.097011 0.161077
0.294000 0.030396 2.012618 0.000000 0.097013 0.161172
0.296000 0.030590 2.024999 0.000000 0.097014 0.161267
0.298000 0.030784 2.037381 0.000000 0.097015 0.161361
0.300000 0.030978 2.049762 0.000000 0.097017 0.161456
0.304000 0.031366 2.074524 0.000000 0.097019 0.161645
0.308000 0.031754 2.099287 0.000000 0.097022 0.161834
0.312000 0.032142 2.124030 0.000000 0.097025 0.162022
0.316000 0.032531 2.148640 0.000000 0.097038 0.162199
0.320000 0.032919 2.173251 0.000000 0.097050 0.162377
0.324000 0.033307 2.197861 0.000000 0.097063 0.162555
0.328000 0.033695 2.222471 0.000000 0.097075 0.162732
0.332000 0.034083 2.247081 0.000000 0.097087 0.162910
0.336000 0.034472 2.271617 0.000000 0.097104 0.163082
0.340000 0.034860 2.296076 0.000000 0.097126 0.163249
0.344000 0.035249 2.320536 0.000000 0.097147 0.163416
0.348000 0.035637 2.344996 0.000000 0.097169 0.163583
0.352000 0.036026 2.369455 0.000000 0.097190 0.163750
0.356000 0.036414 2.393915 0.000000 0.097212 0.163917
0.360000 0.036803 2.418300 0.000000 0.097238 0.164079
0.364000 0.037192 2.442611 0.000000 0.097268 0.164236
0.368000 0.037582 2.466922 0.000000 0.097298 0.164393
0.372000 0.037971 2.491233 0.000000 0.097328 0.164550
0.376000 0.038360 2.515543 0.000000 0.097358 0.164707
0.380000 0.038749 2.539854 0.000000 0.097388 0.164864
0.384000 0.039139 2.564145 0.000000 0.097420 0.165020
0.388000 0.039529 2.588310 0.000000 0.097458 0.165168
0.392000 0.039919 2.612474 0.000000 0.097496 0.165316
0.396000 0.040309 2.636638 0.000000 0.097534 0.165464
0.400000 0.040699 2.660802 0.000000 0.097572 0.165612
0.404000 0.041089 2.684966 0.000000 0.097610 0.165760
0.408000 0.041479 2.709130 0.000000 0.097648 0.165908
0.412000 0.041870 2.733240 0.000000 0.097689 0.166052
0.416000 0.042261 2.757259 0.000000 0.097735 0.166192
0.420000 0.042652 2.781277 0.000000 0.097780 0.166331
0.424000 0.043043 2.805296 0.000000 0.097826 0.166471
0.428000 0.043435 2.829315 0.000000 0.097871 0.166611
0.432000 0.043826 2.853334 0.000000 0.097917 0.166750
0.436000 0.044217 2.877353 0.000000 0.097963 0.166890
0.440000 0.044609 2.901342 0.000000 0.098010 0.167027
0.444000 0.045001 2.925218 0.000000 0.098062 0.167159
0.448000 0.045394 2.949094 0.000000 0.098115 0.167291
0.452000 0.045787 2.972969 0.000000 0.098168 0.167423
0.456000 0.046180 2.996845 0.000000 0.098221 0.167554
0.460000 0.046572 3.020721 0.000000 0.098273 0.167686
0.464000 0.046965 3.044596 0.000000 0.098326 0.167818
0.468000 0.047358 3.068472 0.000000 0.098379 0.167950
0.472000 0.047751 3.092260 0.000000 0.098436 0.168077
0.476000 0.048146 3.115994 0.000000 0.098495 0.168202
0.480000 0.048540 3.139728 0.000000 0.098555 0.168326
0.484000 0.048935 3.163462 0.000000 0.098614 0.168451
0.488000 0.049329 3.187195 0.000000 0.098674 0.168575
0.492000 0.049724 3.210929 0.000000 0.098733 0.168700
0.496000 0.050118 3.234663 0.000000 0.098793 0.168825
0.500000 0.050512 3.258397 0.000000 0.098852 0.168949
0.504000 0.050908 3.282048 0.000000 0.098915 0.169070
0.508000 0.051305 3.305642 0.000000 0.098981 0.169188
0.512000 0.051701 3.329236 0.000000 0.099047 0.169306
0.516000 0.052098 3.352830 0.000000 0.099113 0.169424
0.520000 0.052494 3.376424 0.000000 0.099179 0.169542
0.524000 0.052891 3.400018 0.000000 0.099245 0.169660
0.528000 0.053287 3.423612 0.000000 0.099311 0.169778
0.532000 0.053684 3.447206 0.000000 0.099377 0.169896
0.536000 0.054081 3.470784 0.000000 0.099444 0.170013
0.540000 0.054479 3.494239 0.000000 0.099516 0.170125
0.544000 0.054878 3.517695 0.000000 0.099588 0.170237
0.548000 0.055277 3.541151 0.000000 0.099660 0.170348
0.552000 0.055676 3.564606 0.000000 0.099732 0.170460
0.556000 0.056075 3.588062 0.000000 0.099805 0.170572
0.560000 0.056474 3.611517 0.000000 0.099877 0.170684
0.564000 0.056873 3.634973 0.000000 0.099949 0.170796
0.568000 0.057272 3.658428 0.000000 0.100021 0.170908
0.572000 0.057671 3.681860 0.000000 0.100094 0.171019
0.576000 0.058073 3.705179 0.000000 0.100173 0.171125
0.580000 0.058475 3.728497 0.000000 0.100251 0.171231
0.584000 0.058876 3.751816 0.000000 0.100329 0.171338
0.588000 0.059278 3.775135 0.000000 0.100407 0.171444
0.592000 0.059680 3.798454 0.000000 0.100486 0.171550
0.596000 0.060081 3.821773 0.000000 0.100564 0.171656
0.600000 0.060483 3.845091 0.000000 0.100642 0.171763
0.604000 0.060884 3.868410 0.000000 0.100720 0.171869
0.608000 0.061286 3.891729 0.000000 0.100799 0.171975
0.612000 0.061690 3.914944 0.000000 0.100881 0.172078
0.616000 0.062095 3.938128 0.000000 0.100965 0.172179
0.620000 0.062500 3.961312 0.000000 0.101050 0.172280
0.624000 0.062905 3.984495 0.000000 0.101134 0.172381
0.628000 0.063309 4.007679 0.000000 0.101218 0.172482
0.632000 0.063714 4.030862 0.000000 0.101302 0.172583
0.636000 0.064119 4.054046 0.000000 0.101386 0.172684
0.640000 0.064524 4.077230 0.000000 0.101470 0.172785
0.644000 0.064929 4.100413 0.000000 0.101554 0.172886
0.648000 0.065333 4.123597 0.000000 0.101639 0.172987
0.652000 0.065741 4.146664 0.000000 0.101728 0.173084
0.656000 0.066150 4.169714 0.000000 0.101818 0.173181
0.660000 0.066558 4.192764 0.000000 0.101908 0.173277
0.664000 0.066966 4.215814 0.000000 0.101998 0.173373
0.668000 0.067374 4.238864 0.000000 0.102088 0.173470
0.672000 0.067783 4.261914 0.000000 0.102178 0.173566
0.676000 0.068191 4.284964 0.000000 0.102267 0.173663
0.680000 0.068599 4.308014 0.000000 0.102357 0.173759
0.684000 0.069008 4.331064 0.000000 0.102447 0.173855
0.688000 0.069416 4.354114 0.000000 0.102537 0.173952
0.692000 0.069826 4.377098 0.000000 0.102630 0.174046
0.696000 0.070239 4.400016 0.000000 0.102726 0.174138
0.700000 0.070651 4.422934 0.000000 0.102822 0.174230
0.708000 0.071475 4.468770 0.000000 0.103013 0.174414
0.716000 0.072300 4.514606 0.000000 0.103204 0.174598
0.724000 0.073124 4.560442 0.000000 0.103396 0.174782
0.732000 0.073949 4.606278 0.000000 0.103587 0.174966
0.740000 0.074781 4.651901 0.000000 0.103788 0.175143
0.748000 0.075614 4.697476 0.000000 0.103991 0.175319
0.756000 0.076447 4.743050 0.000000 0.104194 0.175495
0.764000 0.077280 4.788625 0.000000 0.104397 0.175671
0.772000 0.078114 4.834200 0.000000 0.104599 0.175847
0.780000 0.078948 4.879741 0.000000 0.104804 0.176022
0.788000 0.079791 4.925057 0.000000 0.105018 0.176191
0.796000 0.080634 4.970374 0.000000 0.105233 0.176359
0.804000 0.081477 5.015690 0.000000 0.105447 0.176528
0.812000 0.082320 5.061007 0.000000 0.105662 0.176697
0.820000 0.083163 5.106323 0.000000 0.105876 0.176865
0.828000 0.084008 5.151588 0.000000 0.106093 0.177033
0.836000 0.084861 5.196650 0.000000 0.106319 0.177195
0.844000 0.085715 5.241711 0.000000 0.106545 0.177356
0.852000 0.086569 5.286772 0.000000 0.106771 0.177518
0.860000 0.087422 5.331833 0.000000 0.106997 0.177680
0.868000 0.088276 5.376894 0.000000 0.107223 0.177842
0.876000 0.089130 5.421949 0.000000 0.107450 0.178004
0.884000 0.089995 5.466758 0.000000 0.107687 0.178160
0.892000 0.090860 5.511567 0.000000 0.107925 0.178316
0.900000 0.091726 5.556375 0.000000 0.108163 0.178471
0.908000 0.092591 5.601184 0.000000 0.108401 0.178627
0.916000 0.093456 5.645993 0.000000 0.108639 0.178783
0.924000 0.094321 5.690802 0.000000 0.108877 0.178939
0.932000 0.095194 5.735459 0.000000 0.109122 0.179091
0.940000 0.096072 5.780018 0.000000 0.109372 0.179241
0.948000 0.096950 5.824577 0.000000 0.109622 0.179392
0.956000 0.097828 5.869136 0.000000 0.109872 0.179542
0.964000 0.098707 5.913695 0.000000 0.110122 0.179692
0.972000 0.099585 5.958254 0.000000 0.110372 0.179842
0.980000 0.100463 6.002814 0.000000 0.110622 0.179992
0.988000 0.101354 6.047138 0.000000 0.110884 0.180138
0.996000 0.102246 6.091451 0.000000 0.111146 0.180283
1.004000 0.103138 6.135763 0.000000 0.111409 0.180428
1.012000 0.104029 6.180075 0.000000 0.111671 0.180573
1.020000 0.104921 6.224387 0.000000 0.111934 0.180718
1.028000 0.105813 6.268700 0.000000 0.112196 0.180863
1.036000 0.106706 6.312998 0.000000 0.112459 0.181008
1.044000 0.107613 6.357066 0.000000 0.112734 0.181149
1.052000 0.108520 6.401134 0.000000 0.113009 0.181289
1.060000 0.109427 6.445202 0.000000 0.113284 0.181430
1.068000 0.110334 6.489270 0.000000 0.113560 0.181570
1.076000 0.111241 6.533338 0.000000 0.113835 0.181711
1.084000 0.112148 6.577406 0.000000 0.114110 0.181851
1.092000 0.113055 6.621474 0.000000 0.114385 0.181992
1.100000 0.113977 6.665315 0.000000 0.114672 0.182128
1.108000 0.114900 6.709142 0.000000 0.114961 0.182264
1.116000 0.115823 6.752968 0.000000 0.115249 0.182401
1.124000 0.116747 6.796795 0.000000 0.115537 0.182537
1.132000 0.117670 6.840621 0.000000 0.115825 0.182673
1.140000 0.118593 6.884448 0.000000 0.116114 0.182810
1.148000 0.119516 6.928274 0.000000 0.116402 0.182946
1.156000 0.120450 6.971957 0.000000 0.116698 0.183080
1.164000 0.121391 7.015544 0.000000 0.117000 0.183213
1.172000 0.122332 7.059132 0.000000 0.117302 0.183345
1.180000 0.123272 7.102720 0.000000 0.117603 0.183478
1.188000 0.124213 7.146307 0.000000 0.117905 0.183610
1.196000 0.125154 7.189895 0.000000 0.118207 0.183743
1.204000 0.126095 7.233483 0.000000 0.118509 0.183875
1.212000 0.127037 7.277056 0.000000 0.118811 0.184008
1.220000 0.127996 7.320408 0.000000 0.119127 0.184137
1.228000 0.128956 7.363759 0.000000 0.119443 0.184266
1.236000 0.129916 7.407110 0.000000 0.119759 0.184395
1.244000 0.130875 7.450462 0.000000 0.120074 0.184524
1.252000 0.131835 7.493813 0.000000 0.120390 0.184654
1.260000 0.132795 7.537165 0.000000 0.120706 0.184783
1.268000 0.133754 7.580516 0.000000 0.121021 0.184912
1.276000 0.134720 7.623793 0.000000 0.121342 0.185040
1.284000 0.135700 7.666911 0.000000 0.121672 0.185166
1.292000 0.136680 7.710028 0.000000 0.122002 0.185292
1.300000 0.137660 7.753146 0.000000 0.122332 0.185419
1.308000 0.138640 7.796263 0.000000 0.122662 0.185545
1.316000 0.139620 7.839381 0.000000 0.122992 0.185671
1.324000 0.140600 7.882499 0.000000 0.123323 0.185797
1.332000 0.141580 7.925616 0.000000 0.123653 0.185923
1.340000 0.142568 7.968644 0.000000 0.123989 0.186048
1.348000 0.143570 8.011530 0.000000 0.124334 0.186172
1.356000 0.144571 8.054416 0.000000 0.124679 0.186295
1.364000 0.145573 8.097303 0.000000 0.125024 0.186419
1.372000 0.146574 8.140189 0.000000 0.125368 0.186542
1.380000 0.147576 8.183075 0.000000 0.125713 0.186666
1.388000 0.148577 8.225962 0.000000 0.126058 0.186789
1.396000 0.149579 8.268848 0.000000 0.126403 0.186912
1.404000 0.150587 8.311668 0.000000 0.126753 0.187035
1.412000 0.151612 8.354325 0.000000 0.127113 0.187156
1.420000 0.152636 8.396983 0.000000 0.127473 0.187277
1.428000 0.153661 8.439640 0.000000 0.127833 0.187399
1.436000 0.154685 8.482298 0.000000 0.128193 0.187520
1.444000 0.155710 8.524955 0.000000 0.128554 0.187641
1.452000 0.156735 8.567613 0.000000 0.128914 0.187762
1.460000 0.157759 8.610270 0.000000 0.129274 0.187883
1.468000 0.158785 8.652921 0.000000 0.129635 0.188004
1.476000 0.159834 8.695352 0.000000 0.130010 0.188123
1.484000 0.160883 8.737783 0.000000 0.130386 0.188242
1.492000 0.161932 8.780214 0.000000 0.130762 0.188361
1.500000 0.162981 8.822645 0.000000 0.131138 0.188480
1.516000 0.165079 8.907508 0.000000 0.131889 0.188718
1.532000 0.167178 8.992370 0.000000 0.132641 0.188956
1.548000 0.169318 9.076867 0.000000 0.133418 0.189191
1.564000 0.171469 9.161281 0.000000 0.134201 0.189426
1.580000 0.173619 9.245696 0.000000 0.134984 0.189660
1.596000 0.175769 9.330110 0.000000 0.135767 0.189894
1.612000 0.177950 9.414281 0.000000 0.136568 0.190127
1.628000 0.180155 9.498252 0.000000 0.137383 0.190358
1.644000 0.182360 9.582223 0.000000 0.138198 0.190590
1.660000 0.184565 9.666194 0.000000 0.139013 0.190821
1.676000 0.186784 9.750066 0.000000 0.139835 0.191052
1.692000 0.189047 9.833598 0.000000 0.140682 0.191280
1.708000 0.191310 9.917131 0.000000 0.141529 0.191509
1.724000 0.193573 10.000663 0.000000 0.142376 0.191737
1.740000 0.195836 10.084195 0.000000 0.143224 0.191966
1.756000 0.198151 10.167358 0.000000 0.144098 0.192193
1.772000 0.200474 10.250456 0.000000 0.144976 0.192419
1.788000 0.202798 10.333554 0.000000 0.145855 0.192646
1.804000 0.205122 10.416652 0.000000 0.146734 0.192872
1.820000 0.207473 10.499564 0.000000 0.147626 0.193098
1.836000 0.209861 10.582232 0.000000 0.148536 0.193322
1.852000 0.212248 10.664901 0.000000 0.149446 0.193547
1.868000 0.214635 10.747569 0.000000 0.150356 0.193771
1.884000 0.217023 10.830238 0.000000 0.151266 0.193996
1.900000 0.219475 10.912489 0.000000 0.152205 0.194219
1.916000 0.221929 10.994732 0.000000 0.153145 0.194442
1.932000 0.224382 11.076975 0.000000 0.154084 0.194665
1.948000 0.226836 11.159219 0.000000 0.155024 0.194888
1.964000 0.229323 11.241252 0.000000 0.155978 0.195111
1.980000 0.231845 11.323074 0.000000 0.156946 0.195332
1.996000 0.234368 11.404897 0.000000 0.157914 0.195554
2.012000 0.236890 11.486719 0.000000 0.158882 0.195776
2.028000 0.239412 11.568542 0.000000 0.159850 0.195998
2.044000 0.242004 11.649951 0.000000 0.160844 0.196219
2.060000 0.244598 11.731357 0.000000 0.161839 0.196440
2.076000 0.247191 11.812762 0.000000 0.162833 0.196661
2.092000 0.249784 11.894168 0.000000 0.163827 0.196882
2.108000 0.252411 11.975382 0.000000 0.164832 0.197102
2.124000 0.255077 12.056375 0.000000 0.165850 0.197323
2.140000 0.257744 12.137368 0.000000 0.166868 0.197543
2.156000 0.260410 12.218362 0.000000 0.167885 0.197763
2.172000 0.263076 12.299355 0.000000 0.168903 0.197984
2.188000 0.265811 12.379970 0.000000 0.169939 0.198203
2.204000 0.268552 12.460555 0.000000 0.170977 0.198423
2.220000 0.271293 12.541141 0.000000 0.172014 0.198643
2.236000 0.274034 12.621726 0.000000 0.173052 0.198863
2.252000 0.276804 12.702159 0.000000 0.174096 0.199082
2.268000 0.279621 12.782340 0.000000 0.175150 0.199302
2.284000 0.282439 12.862520 0.000000 0.176204 0.199521
2.300000 0.285256 12.942701 0.000000 0.177257 0.199741
2.316000 0.288073 13.022882 0.000000 0.178311 0.199960
2.332000 0.290954 13.102735 0.000000 0.179375 0.200180
2.348000 0.293849 13.182516 0.000000 0.180440 0.200399
2.364000 0.296744 13.262296 0.000000 0.181506 0.200618
2.380000 0.299638 13.342077 0.000000 0.182571 0.200837
2.396000 0.302553 13.421755 0.000000 0.183638 0.201057
2.412000 0.305526 13.501140 0.000000 0.184710 0.201276
2.428000 0.308499 13.580524 0.000000 0.185783 0.201495
2.444000 0.311472 13.659909 0.000000 0.186855 0.201714
2.460000 0.314444 13.739294 0.000000 0.187927 0.201933
2.476000 0.317472 13.818405 0.000000 0.189000 0.202153
2.492000 0.320523 13.897397 0.000000 0.190074 0.202372
2.508000 0.323574 13.976390 0.000000 0.191147 0.202591
2.524000 0.326626 14.055382 0.000000 0.192221 0.202810
2.540000 0.329687 14.134323 0.000000 0.193294 0.203029
2.556000 0.332817 14.212927 0.000000 0.194363 0.203248
2.572000 0.335946 14.291531 0.000000 0.195432 0.203467
2.588000 0.339076 14.370135 0.000000 0.196501 0.203686
2.604000 0.342206 14.448738 0.000000 0.197570 0.203905
2.620000 0.345379 14.527124 0.000000 0.198634 0.204124
2.636000 0.348587 14.605343 0.000000 0.199693 0.204343
2.652000 0.351794 14.683563 0.000000 0.200752 0.204563
2.668000 0.355002 14.761782 0.000000 0.201811 0.204782
2.684000 0.358209 14.840000 0.000000 0.202870 0.205001
2.700000 0.361494 14.917839 0.000000 0.203913 0.205220
2.716000 0.364778 14.995677 0.000000 0.204956 0.205439
2.732000 0.368062 15.073516 0.000000 0.206000 0.205658
2.748000 0.371347 15.151355 0.000000 0.207043 0.205877
2.764000 0.374664 15.229029 0.000000 0.208076 0.206095
2.780000 0.378024 15.306490 0.000000 0.209098 0.206314
2.796000 0.381384 15.383952 0.000000 0.210120 0.206533
2.812000 0.384743 15.461413 0.000000 0.211141 0.206752
2.828000 0.388103 15.538875 0.000000 0.212163 0.206971
2.844000 0.391527 15.616012 0.000000 0.213161 0.207189
2.860000 0.394961 15.693101 0.000000 0.214156 0.207408
2.876000 0.398395 15.770189 0.000000 0.215150 0.207627
2.892000 0.401828 15.847277 0.000000 0.216145 0.207845
2.908000 0.405283 15.924257 0.000000 0.217130 0.208064
2.924000 0.408788 16.000975 0.000000 0.218093 0.208282
2.940000 0.412294 16.077693 0.000000 0.219056 0.208500
2.956000 0.415799 16.154411 0.000000 0.220019 0.208719
2.972000 0.419305 16.231129 0.000000 0.220982 0.208937
2.988000 0.422859 16.307587 0.000000 0.221919 0.209155
3.004000 0.426434 16.383939 0.000000 0.222846 0.209373
3.020000 0.430009 16.460291 0.000000 0.223772 0.209591
3.036000 0.433584 16.536643 0.000000 0.224699 0.209809
3.052000 0.437167 16.612951 0.000000 0.225621 0.210026
3.068000 0.440808 16.688940 0.000000 0.226508 0.210244
3.084000 0.444450 16.764929 0.000000 0.227395 0.210461
3.100000 0.448091 16.840918 0.000000 0.228281 0.210678
3.132000 0.455408 16.992710 0.000000 0.230033 0.211112
3.164000 0.462818 17.143970 0.000000 0.231721 0.211546
3.196000 0.470229 17.295229 0.000000 0.233409 0.211979
3.228000 0.477756 17.445812 0.000000 0.235012 0.212410
3.260000 0.485288 17.596360 0.000000 0.236611 0.212842
3.292000 0.492894 17.746461 0.000000 0.238150 0.213272
3.324000 0.500541 17.896304 0.000000 0.239656 0.213702
3.356000 0.508223 18.045934 0.000000 0.241133 0.214130
3.388000 0.515979 18.195078 0.000000 0.242545 0.214558
3.420000 0.523736 18.344222 0.000000 0.243957 0.214985
3.452000 0.531592 18.492699 0.000000 0.245278 0.215410
3.484000 0.539451 18.641151 0.000000 0.246596 0.215834
3.516000 0.547369 18.789185 0.000000 0.247858 0.216257
3.548000 0.555325 18.936952 0.000000 0.249084 0.216679
3.580000 0.563302 19.084556 0.000000 0.250288 0.217101
3.612000 0.571347 19.231643 0.000000 0.251423 0.217520
3.644000 0.579392 19.378731 0.000000 0.252559 0.217939
3.676000 0.587509 19.525245 0.000000 0.253620 0.218355
3.708000 0.595637 19.671659 0.000000 0.254669 0.218770
3.740000 0.603801 19.817776 0.000000 0.255681 0.219184
3.772000 0.612008 19.963524 0.000000 0.256647 0.219597
3.804000 0.620216 20.109257 0.000000 0.257611 0.220009
3.836000 0.628495 20.254345 0.000000 0.258499 0.220417
3.868000 0.636774 20.399432 0.000000 0.259387 0.220826
3.900000 0.645091 20.544143 0.000000 0.260233 0.221232
3.932000 0.653437 20.688576 0.000000 0.261047 0.221637
3.964000 0.661789 20.832942 0.000000 0.261855 0.222041
3.996000 0.670197 20.976725 0.000000 0.262601 0.222442
4.028000 0.678604 21.120509 0.000000 0.263347 0.222843
4.060000 0.687047 21.263902 0.000000 0.264055 0.223241
4.092000 0.695512 21.407043 0.000000 0.264738 0.223638
4.124000 0.703982 21.550128 0.000000 0.265416 0.224034
4.156000 0.712499 21.692631 0.000000 0.266041 0.224427
4.188000 0.721017 21.835135 0.000000 0.266667 0.224819
4.220000 0.729562 21.977298 0.000000 0.267263 0.225210
4.252000 0.738129 22.119170 0.000000 0.267835 0.225598
4.284000 0.746695 22.261042 0.000000 0.268407 0.225986
4.316000 0.755306 22.402310 0.000000 0.268933 0.226370
4.348000 0.763918 22.543556 0.000000 0.269457 0.226754
4.380000 0.772546 22.684578 0.000000 0.269965 0.227137
4.412000 0.781200 22.825204 0.000000 0.270445 0.227516
4.444000 0.789854 22.965830 0.000000 0.270925 0.227896
4.476000 0.798537 23.106009 0.000000 0.271376 0.228272
4.508000 0.807230 23.246019 0.000000 0.271817 0.228648
4.540000 0.815925 23.385993 0.000000 0.272255 0.229022
4.572000 0.824654 23.525394 0.000000 0.272660 0.229393
4.604000 0.833384 23.664795 0.000000 0.273065 0.229764
4.636000 0.842125 23.803977 0.000000 0.273458 0.230133
4.668000 0.850889 23.942773 0.000000 0.273831 0.230499
4.700000 0.859652 24.081570 0.000000 0.274204 0.230866
4.732000 0.868435 24.219987 0.000000 0.274558 0.231229
4.764000 0.877229 24.358184 0.000000 0.274902 0.231591
4.796000 0.886024 24.496382 0.000000 0.275246 0.231953
4.828000 0.894844 24.634063 0.000000 0.275568 0.232311
4.860000 0.903668 24.771666 0.000000 0.275886 0.232668
4.892000 0.912494 24.909227 0.000000 0.276203 0.233025
4.924000 0.921345 25.046242 0.000000 0.276498 0.233378
4.956000 0.930197 25.183256 0.000000 0.276793 0.233732
4.988000 0.939054 25.320131 0.000000 0.277083 0.234083
5.020000 0.947932 25.456562 0.000000 0.277358 0.234432
5.052000 0.956809 25.592993 0.000000 0.277632 0.234781
5.084000 0.965696 25.729208 0.000000 0.277900 0.235128
5.116000 0.974598 25.865060 0.000000 0.278156 0.235472
5.148000 0.983500 26.000912 0.000000 0.278412 0.235816
5.180000 0.992412 26.136496 0.000000 0.278661 0.236159
5.212000 1.001337 26.271774 0.000000 0.278900 0.236499
5.244000 1.010262 26.407051 0.000000 0.279140 0.236839
5.276000 1.019199 26.542030 0.000000 0.279371 0.237176
5.308000 1.028146 26.676739 0.000000 0.279596 0.237512
5.340000 1.037093 26.811447 0.000000 0.279821 0.237848
5.372000 1.046052 26.945848 0.000000 0.280038 0.238181
5.404000 1.055019 27.079992 0.000000 0.280250 0.238513
5.436000 1.063987 27.214136 0.000000 0.280461 0.238844
5.468000 1.072966 27.347984 0.000000 0.280666 0.239173
5.500000 1.081954 27.481568 0.000000 0.280866 0.239501
5.532000 1.090941 27.615153 0.000000 0.281065 0.239828
5.564000 1.099938 27.748474 0.000000 0.281259 0.240153
5.596000 1.108945 27.881503 0.000000 0.281448 0.240476
5.628000 1.117952 28.014533 0.000000 0.281637 0.240800
5.660000 1.126966 28.147353 0.000000 0.281822 0.241121
5.692000 1.135991 28.279832 0.000000 0.282001 0.241440
5.724000 1.145016 28.412311 0.000000 0.282180 0.241759
5.756000 1.154046 28.544656 0.000000 0.282356 0.242077
5.788000 1.163089 28.676589 0.000000 0.282527 0.242392
5.820000 1.172132 28.808522 0.000000 0.282697 0.242708
5.852000 1.181176 28.940416 0.000000 0.282866 0.243022
5.884000 1.190235 29.071807 0.000000 0.283028 0.243333
5.916000 1.199295 29.203199 0.000000 0.283191 0.243644
5.948000 1.208355 29.334590 0.000000 0.283353 0.243956
5.980000 1.217429 29.465521 0.000000 0.283509 0.244263
6.012000 1.226505 29.596376 0.000000 0.283664 0.244571
6.044000 1.235581 29.727230 0.000000 0.283819 0.244878
6.076000 1.244667 29.857764 0.000000 0.283970 0.245183
6.108000 1.253759 29.988086 0.000000 0.284118 0.245486
6.140000 1.262851 30.118408 0.000000 0.284266 0.245789
6.172000 1.271948 30.248568 0.000000 0.284413 0.246091
6.204000 1.281055 30.378362 0.000000 0.284555 0.246391
6.236000 1.290163 30.508155 0.000000 0.284697 0.246690
6.268000 1.299270 30.637949 0.000000 0.284839 0.246990
6.300000 1.308392 30.767236 0.000000 0.284976 0.247286
6.364000 1.326637 31.025774 0.000000 0.285249 0.247877
6.428000 1.344905 31.283489 0.000000 0.285515 0.248463
6.492000 1.363182 31.540904 0.000000 0.285777 0.249047
6.556000 1.381484 31.797371 0.000000 0.286030 0.249624
6.620000 1.399796 32.053483 0.000000 0.286281 0.250198
6.684000 1.418127 32.308927 0.000000 0.286525 0.250768
6.748000 1.436473 32.563770 0.000000 0.286765 0.251334
6.812000 1.454831 32.818199 0.000000 0.287001 0.251896
6.876000 1.473210 33.071806 0.000000 0.287231 0.252454
6.940000 1.491594 33.325212 0.000000 0.287460 0.253009
7.004000 1.510004 33.577635 0.000000 0.287681 0.253558
7.068000 1.528420 33.829864 0.000000 0.287901 0.254106
7.132000 1.546855 34.081296 0.000000 0.288116 0.254648
7.196000 1.565300 34.332382 0.000000 0.288328 0.255188
7.260000 1.583761 34.582830 0.000000 0.288536 0.255724
7.324000 1.602233 34.832805 0.000000 0.288742 0.256257
7.388000 1.620719 35.082277 0.000000 0.288944 0.256786
7.452000 1.639219 35.331173 0.000000 0.289142 0.257311
7.516000 1.657728 35.579677 0.000000 0.289339 0.257834
7.580000 1.676254 35.827525 0.000000 0.289531 0.258353
7.644000 1.694788 36.075068 0.000000 0.289722 0.258869
7.708000 1.713339 36.321899 0.000000 0.289909 0.259381
7.772000 1.731896 36.568489 0.000000 0.290094 0.259892
7.836000 1.750471 36.814333 0.000000 0.290276 0.260397
7.900000 1.769051 37.059977 0.000000 0.290456 0.260902
7.964000 1.787649 37.304865 0.000000 0.290633 0.261401
8.028000 1.806252 37.549570 0.000000 0.290809 0.261899
8.092000 1.824873 37.793532 0.000000 0.290981 0.262393
8.156000 1.843498 38.037305 0.000000 0.291152 0.262885
8.220000 1.862140 38.280369 0.000000 0.291320 0.263373
8.284000 1.880787 38.523218 0.000000 0.291487 0.263860
8.348000 1.899450 38.765413 0.000000 0.291650 0.264342
8.412000 1.918119 39.007344 0.000000 0.291813 0.264823
8.476000 1.936802 39.248699 0.000000 0.291973 0.265300
8.540000 1.955492 39.489719 0.000000 0.292131 0.265776
8.604000 1.974194 39.730262 0.000000 0.292288 0.266248
8.668000 1.992906 39.970378 0.000000 0.292442 0.266718
8.732000 2.011626 40.210137 0.000000 0.292595 0.267185
8.796000 2.030358 40.449356 0.000000 0.292746 0.267649
8.860000 2.049096 40.688357 0.000000 0.292895 0.268112
8.924000 2.067849 40.926686 0.000000 0.293042 0.268571
8.988000 2.086604 41.164956 0.000000 0.293189 0.269030
9.052000 2.105377 41.402401 0.000000 0.293333 0.269483
9.116000 2.124151 41.639846 0.000000 0.293476 0.269937
9.180000 2.142942 41.876535 0.000000 0.293617 0.270386
9.244000 2.161736 42.113102 0.000000 0.293757 0.270834
9.308000 2.180542 42.349121 0.000000 0.293895 0.271279
9.372000 2.199356 42.584817 0.000000 0.294031 0.271722
9.436000 2.218177 42.820190 0.000000 0.294167 0.272164
9.500000 2.237010 43.055022 0.000000 0.294300 0.272602
9.564000 2.255845 43.289775 0.000000 0.294433 0.273040
9.628000 2.274697 43.523748 0.000000 0.294564 0.273473
9.692000 2.293550 43.757722 0.000000 0.294694 0.273906
9.756000 2.312418 43.991028 0.000000 0.294822 0.274335
9.820000 2.331289 44.224149 0.000000 0.294949 0.274764
9.884000 2.350170 44.456892 0.000000 0.295075 0.275190
9.948000 2.369060 44.689167 0.000000 0.295199 0.275613
10.012000 2.387952 44.921370 0.000000 0.295323 0.276036
10.076000 2.406862 45.152806 0.000000 0.295445 0.276455
10.140000 2.425771 45.384242 0.000000 0.295566 0.276874
10.204000 2.444693 45.615095 0.000000 0.295686 0.277289
10.268000 2.463621 45.845697 0.000000 0.295805 0.277703
10.332000 2.482554 46.076065 0.000000 0.295923 0.278116
10.396000 2.501500 46.305840 0.000000 0.296039 0.278526
10.460000 2.520446 46.535614 0.000000 0.296154 0.278935
10.524000 2.539407 46.764697 0.000000 0.296268 0.279341
10.588000 2.558371 46.993650 0.000000 0.296382 0.279746
10.652000 2.577342 47.222300 0.000000 0.296494 0.280149
10.716000 2.596324 47.450437 0.000000 0.296605 0.280549
10.780000 2.615306 47.678574 0.000000 0.296716 0.280950
10.844000 2.634303 47.906002 0.000000 0.296824 0.281346
10.908000 2.653302 48.133329 0.000000 0.296933 0.281742
10.972000 2.672308 48.360375 0.000000 0.297040 0.282137
11.036000 2.691325 48.586898 0.000000 0.297146 0.282528
11.100000 2.710341 48.813420 0.000000 0.297252 0.282920
11.164000 2.729372 49.039307 0.000000 0.297356 0.283308
11.228000 2.748406 49.265030 0.000000 0.297459 0.283696
11.292000 2.767444 49.490584 0.000000 0.297562 0.284082
11.356000 2.786495 49.715515 0.000000 0.297664 0.284466
11.420000 2.805546 49.940445 0.000000 0.297765 0.284849
11.484000 2.824607 50.164899 0.000000 0.297865 0.285229
11.548000 2.843675 50.389042 0.000000 0.297964 0.285608
11.612000 2.862743 50.613185 0.000000 0.298063 0.285987
11.676000 2.881827 50.836572 0.000000 0.298160 0.286363
11.740000 2.900911 51.059933 0.000000 0.298257 0.286737
11.804000 2.920001 51.283062 0.000000 0.298353 0.287111
11.868000 2.939102 51.505646 0.000000 0.298448 0.287482
11.932000 2.958203 51.728230 0.000000 0.298542 0.287853
11.996000 2.977313 51.950349 0.000000 0.298636 0.288222
12.060000 2.996431 52.172162 0.000000 0.298729 0.288588
12.124000 3.015548 52.393975 0.000000 0.298821 0.288955
12.188000 3.034679 52.615116 0.000000 0.298912 0.289319
12.252000 3.053812 52.836163 0.000000 0.299003 0.289682
12.316000 3.072948 53.057116 0.000000 0.299093 0.290044
12.380000 3.092097 53.277403 0.000000 0.299182 0.290404
12.444000 3.111246 53.497689 0.000000 0.299271 0.290763
12.508000 3.130400 53.717720 0.000000 0.299359 0.291121
12.572000 3.149565 53.937251 0.000000 0.299446 0.291476
12.636000 3.168730 54.156782 0.000000 0.299532 0.291831
12.700000 3.187903 54.375919 0.000000 0.299618 0.292185
12.828000 3.226264 54.813481 0.000000 0.299788 0.292888
12.956000 3.264651 55.249790 0.000000 0.299955 0.293585
13.084000 3.303055 55.685265 0.000000 0.300120 0.294278
13.212000 3.341477 56.119856 0.000000 0.300283 0.294966
13.340000 3.379928 56.553049 0.000000 0.300442 0.295648
13.468000 3.418394 56.985465 0.000000 0.300600 0.296326
13.596000 3.456876 57.417126 0.000000 0.300756 0.297000
13.724000 3.495388 57.847336 0.000000 0.300909 0.297667
13.852000 3.533914 58.276825 0.000000 0.301060 0.298331
13.980000 3.572454 58.705594 0.000000 0.301209 0.298991
14.108000 3.611023 59.132952 0.000000 0.301356 0.299645
14.236000 3.649606 59.559642 0.000000 0.301501 0.300295
14.364000 3.688203 59.985558 0.000000 0.301644 0.300942
14.492000 3.726827 60.410190 0.000000 0.301785 0.301583
14.620000 3.765463 60.834206 0.000000 0.301924 0.302221
14.748000 3.804117 61.257307 0.000000 0.302062 0.302854
14.876000 3.842792 61.679336 0.000000 0.302197 0.303483
15.004000 3.881479 62.100801 0.000000 0.302331 0.304109
15.132000 3.920188 62.521124 0.000000 0.302463 0.304730
15.260000 3.958912 62.940671 0.000000 0.302593 0.305347
15.388000 3.997648 63.359619 0.000000 0.302723 0.305962
15.516000 4.036409 63.777285 0.000000 0.302849 0.306571
15.644000 4.075180 64.194467 0.000000 0.302975 0.307177
15.772000 4.113969 64.610691 0.000000 0.303099 0.307780
15.900000 4.152775 65.026060 0.000000 0.303222 0.308378
16.028000 4.191591 65.440935 0.000000 0.303343 0.308974
16.156000 4.230431 65.854528 0.000000 0.303463 0.309565
16.284000 4.269280 66.267712 0.000000 0.303581 0.310154
16.412000 4.308147 66.679916 0.000000 0.303698 0.310738
16.540000 4.347028 67.091388 0.000000 0.303813 0.311320
16.668000 4.385921 67.502269 0.000000 0.303928 0.311898
16.796000 4.424834 67.912066 0.000000 0.304040 0.312473
16.924000 4.463754 68.321528 0.000000 0.304152 0.313045
17.052000 4.502697 68.729788 0.000000 0.304262 0.313613
17.180000 4.541647 69.137637 0.000000 0.304371 0.314178
17.308000 4.580615 69.544599 0.000000 0.304479 0.314740
17.436000 4.619595 69.950868 0.000000 0.304586 0.315299
17.564000 4.658587 70.356541 0.000000 0.304691 0.315855
17.692000 4.697597 70.761265 0.000000 0.304795 0.316408
17.820000 4.736613 71.165657 0.000000 0.304899 0.316959
17.948000 4.775651 71.568870 0.000000 0.305000 0.317505
18.076000 4.814693 71.971871 0.000000 0.305102 0.318050
18.204000 4.853757 72.373723 0.000000 0.305201 0.318590
18.332000 4.892826 72.775272 0.000000 0.305300 0.319130
18.460000 4.931913 73.175867 0.000000 0.305398 0.319665
18.588000 4.971009 73.575995 0.000000 0.305495 0.320198
18.716000 5.010119 73.975341 0.000000 0.305591 0.320728
18.844000 5.049241 74.374082 0.000000 0.305685 0.321256
18.972000 5.088374 74.772186 0.000000 0.305779 0.321781
19.100000 5.127521 75.169571 0.000000 0.305872 0.322303
19.228000 5.166677 75.566441 0.000000 0.305964 0.322823
19.356000 5.205848 75.962502 0.000000 0.306055 0.323339
19.484000 5.245026 76.358145 0.000000 0.306145 0.323855
19.612000 5.284221 76.752914 0.000000 0.306235 0.324366
19.740000 5.323422 77.147338 0.000000 0.306323 0.324876
19.868000 5.362640 77.540845 0.000000 0.306410 0.325383
19.996000 5.401863 77.934057 0.000000 0.306497 0.325888
20.124000 5.441103 78.326333 0.000000 0.306583 0.326390
20.252000 5.480348 78.718341 0.000000 0.306668 0.326890
20.380000 5.519610 79.109415 0.000000 0.306752 0.327387
20.508000 5.558877 79.500228 0.000000 0.306836 0.327883
20.636000 5.598160 79.890130 0.000000 0.306918 0.328376
20.764000 5.637448 80.279753 0.000000 0.307000 0.328867
20.892000 5.676752 80.668513 0.000000 0.307081 0.329355
21.020000 5.716061 81.056954 0.000000 0.307162 0.329842
21.148000 5.755385 81.444602 0.000000 0.307241 0.330325
21.276000 5.794715 81.831867 0.000000 0.307320 0.330807
21.404000 5.834059 82.218431 0.000000 0.307398 0.331287
21.532000 5.873410 82.604528 0.000000 0.307476 0.331765
21.660000 5.912772 82.990037 0.000000 0.307553 0.332240
21.788000 5.952144 83.374973 0.000000 0.307629 0.332713
21.916000 5.991524 83.759454 0.000000 0.307704 0.333185
22.044000 6.030917 84.143237 0.000000 0.307779 0.333654
22.172000 6.070315 84.526719 0.000000 0.307853 0.334122
22.300000 6.109728 84.909354 0.000000 0.307927 0.334587
22.428000 6.149143 85.291864 0.000000 0.308000 0.335051
22.556000 6.188576 85.673359 0.000000 0.308072 0.335511
22.684000 6.228009 86.054854 0.000000 0.308144 0.335972
22.812000 6.267460 86.435286 0.000000 0.308215 0.336428
22.940000 6.306913 86.815648 0.000000 0.308285 0.336884
23.068000 6.346381 87.195168 0.000000 0.308355 0.337337
23.196000 6.385853 87.574403 0.000000 0.308424 0.337790
23.324000 6.425336 87.953040 0.000000 0.308493 0.338239
23.452000 6.464829 88.331155 0.000000 0.308561 0.338687
23.580000 6.504327 88.708933 0.000000 0.308629 0.339134
23.708000 6.543838 89.085935 0.000000 0.308696 0.339578
23.836000 6.583351 89.462881 0.000000 0.308762 0.340022
23.964000 6.622881 89.838775 0.000000 0.308828 0.340462
24.092000 6.662412 90.214670 0.000000 0.308894 0.340902
24.220000 6.701958 90.589709 0.000000 0.308958 0.341339
24.348000 6.741507 90.964503 0.000000 0.309023 0.341775
24.476000 6.781066 91.338769 0.000000 0.309087 0.342209
24.604000 6.820635 91.712469 0.000000 0.309150 0.342641
24.732000 6.860206 92.085985 0.000000 0.309213 0.343072
24.860000 6.899794 92.458597 0.000000 0.309275 0.343501
24.988000 6.939381 92.831209 0.000000 0.309337 0.343929
25.116000 6.978983 93.202920 0.000000 0.309399 0.344354
25.244000 7.018589 93.574450 0.000000 0.309460 0.344778
25.372000 7.058204 93.945468 0.000000 0.309520 0.345201
25.500000 7.097828 94.315923 0.000000 0.309580 0.345622
25.756000 7.177096 95.055658 0.000000 0.309699 0.346459
26.012000 7.256393 95.793685 0.000000 0.309816 0.347290
26.268000 7.335718 96.530034 0.000000 0.309931 0.348116
26.524000 7.415074 97.264569 0.000000 0.310045 0.348935
26.780000 7.494463 97.997168 0.000000 0.310157 0.349748
27.036000 7.573878 98.728161 0.000000 0.310267 0.350555
27.292000 7.653320 99.457575 0.000000 0.310376 0.351357
27.548000 7.732788 100.185441 0.000000 0.310483 0.352154
27.804000 7.812283 100.911641 0.000000 0.310589 0.352945
28.060000 7.891810 101.635932 0.000000 0.310693 0.353730
28.316000 7.971362 102.358741 0.000000 0.310796 0.354509
28.572000 8.050938 103.080096 0.000000 0.310897 0.355284
28.828000 8.130537 103.800025 0.000000 0.310998 0.356055
29.084000 8.210167 104.518079 0.000000 0.311096 0.356819
29.340000 8.289823 105.234601 0.000000 0.311194 0.357578
29.596000 8.369500 105.949761 0.000000 0.311290 0.358333
29.852000 8.449199 106.663588 0.000000 0.311385 0.359083
30.108000 8.528927 107.375651 0.000000 0.311479 0.359828
30.364000 8.608680 108.086194 0.000000 0.311571 0.360568
30.620000 8.688453 108.795467 0.000000 0.311663 0.361304
30.876000 8.768247 109.503494 0.000000 0.311753 0.362036
31.132000 8.848070 110.209665 0.000000 0.311842 0.362762
31.388000 8.927915 110.914530 0.000000 0.311930 0.363484
31.644000 9.007778 111.618211 0.000000 0.312017 0.364202
31.900000 9.087664 112.320508 0.000000 0.312103 0.364916
32.156000 9.167576 113.021109 0.000000 0.312188 0.365625
32.412000 9.247507 113.720586 0.000000 0.312272 0.366330
32.668000 9.327455 114.418964 0.000000 0.312355 0.367032
32.924000 9.407432 115.115529 0.000000 0.312437 0.367728
33.180000 9.487427 115.810941 0.000000 0.312518 0.368421
33.436000 9.567439 116.505313 0.000000 0.312598 0.369111
33.692000 9.647476 117.198108 0.000000 0.312677 0.369795
33.948000 9.727533 117.889592 0.000000 0.312755 0.370476
34.204000 9.807605 118.580092 0.000000 0.312833 0.371154
34.460000 9.887701 119.269158 0.000000 0.312909 0.371828
34.716000 9.967817 119.956848 0.000000 0.312985 0.372497
34.972000 10.047949 120.643610 0.000000 0.313059 0.373164
35.228000 10.128101 121.328987 0.000000 0.313133 0.373826
35.484000 10.208275 122.013014 0.000000 0.313207 0.374485
35.740000 10.288463 122.696168 0.000000 0.313279 0.375141
35.996000 10.368672 123.377894 0.000000 0.313351 0.375793
36.252000 10.448901 124.058387 0.000000 0.313421 0.376441
36.508000 10.529142 124.738060 0.000000 0.313492 0.377087
36.764000 10.609407 125.416175 0.000000 0.313561 0.377728
37.020000 10.689688 126.093259 0.000000 0.313629 0.378366
37.276000 10.769981 126.769577 0.000000 0.313698 0.379002
37.532000 10.850301 127.444119 0.000000 0.313765 0.379633
37.788000 10.930633 128.117918 0.000000 0.313831 0.380262
38.044000 11.010980 128.790688 0.000000 0.313897 0.380888
38.300000 11.091349 129.462009 0.000000 0.313962 0.381510
38.556000 11.171729 130.132645 0.000000 0.314027 0.382130
38.812000 11.252130 130.801897 0.000000 0.314091 0.382746
39.068000 11.332546 131.470124 0.000000 0.314154 0.383359
39.324000 11.412973 132.137631 0.000000 0.314217 0.383970
39.580000 11.493425 132.803487 0.000000 0.314279 0.384577
39.836000 11.573887 133.468737 0.000000 0.314340 0.385182
40.092000 11.654366 134.132782 0.000000 0.314401 0.385783
40.348000 11.734862 134.795728 0.000000 0.314461 0.386382
40.604000 11.815367 135.458055 0.000000 0.314521 0.386978
40.860000 11.895897 136.118735 0.000000 0.314580 0.387571
41.116000 11.976434 136.778886 0.000000 0.314639 0.388161
41.372000 12.056991 137.437804 0.000000 0.314697 0.388749
41.628000 12.137561 138.095754 0.000000 0.314754 0.389334
41.884000 12.218142 138.752980 0.000000 0.314811 0.389916
42.140000 12.298745 139.408766 0.000000 0.314868 0.390495
42.396000 12.379354 140.064096 0.000000 0.314924 0.391073
42.652000 12.459986 140.717966 0.000000 0.314979 0.391647
42.908000 12.540626 141.371195 0.000000 0.315034 0.392219
43.164000 12.621282 142.023399 0.000000 0.315089 0.392788
43.420000 12.701953 142.674562 0.000000 0.315143 0.393355
43.676000 12.782633 143.325109 0.000000 0.315196 0.393919
43.932000 12.863333 143.974241 0.000000 0.315249 0.394481
44.188000 12.944039 144.623018 0.000000 0.315302 0.395041
44.444000 13.024768 145.270276 0.000000 0.315354 0.395597
44.700000 13.105502 145.917083 0.000000 0.315405 0.396152
44.956000 13.186255 146.562708 0.000000 0.315457 0.396704
45.212000 13.267018 147.207580 0.000000 0.315507 0.397254
45.468000 13.347793 147.851581 0.000000 0.315558 0.397802
45.724000 13.428584 148.494551 0.000000 0.315608 0.398347
45.980000 13.509383 149.136936 0.000000 0.315657 0.398890
46.236000 13.590201 149.778037 0.000000 0.315706 0.399430
46.492000 13.671023 150.418815 0.000000 0.315755 0.399970
46.748000 13.751867 151.058082 0.000000 0.315803 0.400505
47.004000 13.832715 151.697138 0.000000 0.315851 0.401040
47.260000 13.913583 152.334724 0.000000 0.315899 0.401572
47.516000 13.994456 152.972003 0.000000 0.315946 0.402102
47.772000 14.075347 153.608005 0.000000 0.315992 0.402629
48.028000 14.156245 154.243539 0.000000 0.316039 0.403155
48.284000 14.237159 154.877965 0.000000 0.316085 0.403678
48.540000 14.318081 155.511786 0.000000 0.316131 0.404200
48.796000 14.399017 156.144644 0.000000 0.316176 0.404719
49.052000 14.479963 156.776784 0.000000 0.316221 0.405237
49.308000 14.560922 157.408081 0.000000 0.316265 0.405752
49.564000 14.641891 158.038571 0.000000 0.316309 0.406266
49.820000 14.722872 158.668315 0.000000 0.316353 0.406777
50.076000 14.803864 159.297187 0.000000 0.316397 0.407287
50.332000 14.884867 159.925386 0.000000 0.316440 0.407794
50.588000 14.965882 160.552670 0.000000 0.316483 0.408300
50.844000 15.046906 161.179332 0.000000 0.316525 0.408804
51.100000 15.127943 161.805059 0.000000 0.316568 0.409305
51.612000 15.290047 163.054390 0.000000 0.316651 0.410303
52.124000 15.452193 164.300703 0.000000 0.316733 0.411294
52.636000 15.614382 165.544033 0.000000 0.316814 0.412278
53.148000 15.776611 166.784417 0.000000 0.316894 0.413254
53.660000 15.938881 168.021893 0.000000 0.316973 0.414224
54.172000 16.101190 169.256497 0.000000 0.317051 0.415186
54.684000 16.263539 170.488263 0.000000 0.317127 0.416142
55.196000 16.425927 171.717229 0.000000 0.317203 0.417092
55.708000 16.588353 172.943429 0.000000 0.317277 0.418034
56.220000 16.750818 174.166807 0.000000 0.317351 0.418971
56.732000 16.913321 175.387360 0.000000 0.317423 0.419900
57.244000 17.075861 176.605231 0.000000 0.317494 0.420824
57.756000 17.238437 177.820454 0.000000 0.317565 0.421741
58.268000 17.401049 179.033063 0.000000 0.317634 0.422652
58.780000 17.563696 180.243092 0.000000 0.317703 0.423558
59.292000 17.726377 181.450575 0.000000 0.317771 0.424457
59.804000 17.889092 182.655544 0.000000 0.317838 0.425351
60.316000 18.051841 183.858032 0.000000 0.317904 0.426240
60.828000 18.214623 185.058073 0.000000 0.317969 0.427123
61.340000 18.377437 186.255698 0.000000 0.318033 0.428000
61.852000 18.540289 187.450528 0.000000 0.318097 0.428871
62.364000 18.703172 188.642988 0.000000 0.318159 0.429737
62.876000 18.866087 189.833109 0.000000 0.318221 0.430598
63.388000 19.029032 191.020923 0.000000 0.318283 0.431454
63.900000 19.192007 192.206461 0.000000 0.318343 0.432304
64.412000 19.355012 193.389753 0.000000 0.318403 0.433150
64.924000 19.518047 194.570804 0.000000 0.318462 0.433991
65.436000 19.681118 195.749164 0.000000 0.318520 0.434826
65.948000 19.844217 196.925353 0.000000 0.318578 0.435657
66.460000 20.007344 198.099401 0.000000 0.318635 0.436483
66.972000 20.170498 199.271338 0.000000 0.318691 0.437304
67.484000 20.333681 200.441193 0.000000 0.318747 0.438121
67.996000 20.496892 201.608777 0.000000 0.318802 0.438933
68.508000 20.660136 202.773924 0.000000 0.318857 0.439740
69.020000 20.823405 203.937059 0.000000 0.318910 0.440543
69.532000 20.986701 205.098213 0.000000 0.318964 0.441342
70.044000 21.150021 206.257413 0.000000 0.319016 0.442136
70.556000 21.313370 207.414444 0.000000 0.319069 0.442926
71.068000 21.476749 208.569110 0.000000 0.319120 0.443711
71.580000 21.640153 209.721892 0.000000 0.319171 0.444492
72.092000 21.803580 210.872816 0.000000 0.319222 0.445270
72.604000 21.967031 212.021911 0.000000 0.319271 0.446043
73.116000 22.130513 213.168578 0.000000 0.319321 0.446812
73.628000 22.294020 214.313308 0.000000 0.319370 0.447577
74.140000 22.457549 215.456276 0.000000 0.319418 0.448338
74.652000 22.621101 216.597508 0.000000 0.319466 0.449096
75.164000 22.784680 217.736522 0.000000 0.319513 0.449849
75.676000 22.948285 218.873516 0.000000 0.319560 0.450598
76.188000 23.111912 220.008838 0.000000 0.319607 0.451344
76.700000 23.275559 221.142516 0.000000 0.319653 0.452086
77.212000 23.439234 222.273979 0.000000 0.319698 0.452824
77.724000 23.602933 223.403542 0.000000 0.319743 0.453558
78.236000 23.766652 224.531523 0.000000 0.319788 0.454290
78.748000 23.930391 225.657947 0.000000 0.319832 0.455018
79.260000 24.094160 226.781959 0.000000 0.319875 0.455741
79.772000 24.257948 227.904390 0.000000 0.319919 0.456461
80.284000 24.421755 229.025326 0.000000 0.319962 0.457179
80.796000 24.585585 230.144425 0.000000 0.320004 0.457893
81.308000 24.749441 231.261450 0.000000 0.320046 0.458602
81.820000 24.913315 232.377040 0.000000 0.320088 0.459309
82.332000 25.077207 233.491220 0.000000 0.320129 0.460014
82.844000 25.241127 234.603029 0.000000 0.320170 0.460714
83.356000 25.405066 235.713415 0.000000 0.320211 0.461411
83.868000 25.569021 236.822449 0.000000 0.320251 0.462105
84.380000 25.733001 237.929450 0.000000 0.320291 0.462796
84.892000 25.897001 239.034769 0.000000 0.320330 0.463483
85.404000 26.061018 240.138796 0.000000 0.320369 0.464168
85.916000 26.225057 241.241031 0.000000 0.320408 0.464850
86.428000 26.389118 242.341420 0.000000 0.320446 0.465528
86.940000 26.553194 243.440573 0.000000 0.320484 0.466204
87.452000 26.717291 244.538082 0.000000 0.320522 0.466877
87.964000 26.881411 245.633675 0.000000 0.320559 0.467546
88.476000 27.045545 246.728088 0.000000 0.320596 0.468213
88.988000 27.209698 247.820913 0.000000 0.320633 0.468877
89.500000 27.373875 248.911842 0.000000 0.320669 0.469538
90.012000 27.538065 250.001646 0.000000 0.320706 0.470196
90.524000 27.702275 251.089826 0.000000 0.320741 0.470852
91.036000 27.866506 252.176220 0.000000 0.320777 0.471504
91.548000 28.030750 253.261545 0.000000 0.320812 0.472154
92.060000 28.195016 254.345119 0.000000 0.320847 0.472801
92.572000 28.359300 255.427107 0.000000 0.320882 0.473446
93.084000 28.523597 256.508078 0.000000 0.320916 0.474088
93.596000 28.687917 257.587085 0.000000 0.320950 0.474727
94.108000 28.852253 258.664792 0.000000 0.320984 0.475364
94.620000 29.016600 259.741530 0.000000 0.321017 0.475999
95.132000 29.180974 260.816014 0.000000 0.321050 0.476629
95.644000 29.345360 261.889565 0.000000 0.321083 0.477259
96.156000 29.509761 262.961793 0.000000 0.321116 0.477885
96.668000 29.674184 264.032191 0.000000 0.321148 0.478509
97.180000 29.838617 265.101707 0.000000 0.321181 0.479131
97.692000 30.003071 266.169464 0.000000 0.321213 0.479750
98.204000 30.167541 267.235896 0.000000 0.321244 0.480366
98.716000 30.332022 268.301431 0.000000 0.321276 0.480981
99.228000 30.496528 269.364820 0.000000 0.321307 0.481593
99.740000 30.661043 270.427407 0.000000 0.321338 0.482202
100.252000 30.825576 271.488525 0.000000 0.321368 0.482810
100.764000 30.990126 272.548136 0.000000 0.321399 0.483414
101.276000 31.154685 273.606995 0.000000 0.321429 0.484018
101.788000 31.319269 274.663733 0.000000 0.321459 0.484618
