0.001000 0.000161 0.017065 0.000000 0.203422 0.068042
0.002000 0.000366 0.030797 0.000000 0.205699 0.076830
0.003000 0.000572 0.043327 0.000000 0.204358 0.082418
0.004000 0.000775 0.055145 0.000000 0.202332 0.086574
0.005000 0.000976 0.066470 0.000000 0.200190 0.089904
0.006000 0.001175 0.077412 0.000000 0.198096 0.092678
0.007000 0.001372 0.088061 0.000000 0.196099 0.095072
0.008000 0.001568 0.098457 0.000000 0.194213 0.097168
0.009000 0.001761 0.108647 0.000000 0.192435 0.099043
0.010000 0.001953 0.118649 0.000000 0.190765 0.100728
0.011000 0.002143 0.128497 0.000000 0.189187 0.102269
0.012000 0.002331 0.138202 0.000000 0.187697 0.103684
0.013000 0.002518 0.147789 0.000000 0.186282 0.105001
0.014000 0.002704 0.157248 0.000000 0.184949 0.106215
0.015000 0.002888 0.166607 0.000000 0.183680 0.107354
0.016000 0.003071 0.175871 0.000000 0.182472 0.108425
0.017000 0.003253 0.185047 0.000000 0.181320 0.109435
0.018000 0.003434 0.194141 0.000000 0.180219 0.110390
0.019000 0.003613 0.203160 0.000000 0.179166 0.111297
0.020000 0.003792 0.212111 0.000000 0.178155 0.112161
0.021000 0.003970 0.220997 0.000000 0.177184 0.112987
0.022000 0.004146 0.229806 0.000000 0.176260 0.113768
0.023000 0.004322 0.238560 0.000000 0.175369 0.114518
0.024000 0.004497 0.247264 0.000000 0.174507 0.115241
0.025000 0.004671 0.255920 0.000000 0.173675 0.115938
0.026000 0.004845 0.264507 0.000000 0.172881 0.116599
0.027000 0.005017 0.273060 0.000000 0.172107 0.117244
0.028000 0.005189 0.281568 0.000000 0.171358 0.117866
0.029000 0.005360 0.290019 0.000000 0.170641 0.118462
0.030000 0.005530 0.298450 0.000000 0.169935 0.119047
0.031000 0.005700 0.306815 0.000000 0.169264 0.119603
0.032000 0.005869 0.315161 0.000000 0.168604 0.120150
0.033000 0.006037 0.323458 0.000000 0.167969 0.120676
0.034000 0.006205 0.331728 0.000000 0.167348 0.121190
0.035000 0.006372 0.339956 0.000000 0.166749 0.121687
0.036000 0.006538 0.348159 0.000000 0.166162 0.122173
0.037000 0.006704 0.356320 0.000000 0.165596 0.122643
0.038000 0.006870 0.364465 0.000000 0.165038 0.123106
0.039000 0.007034 0.372560 0.000000 0.164504 0.123549
0.040000 0.007199 0.380655 0.000000 0.163971 0.123993
0.041000 0.007362 0.388685 0.000000 0.163467 0.124413
0.042000 0.007525 0.396715 0.000000 0.162964 0.124832
0.043000 0.007688 0.404707 0.000000 0.162479 0.125238
0.044000 0.007850 0.412673 0.000000 0.162005 0.125634
0.045000 0.008012 0.420634 0.000000 0.161533 0.126028
0.046000 0.008173 0.428537 0.000000 0.161087 0.126403
0.047000 0.008334 0.436439 0.000000 0.160641 0.126777
0.048000 0.008495 0.444317 0.000000 0.160206 0.127144
0.049000 0.008655 0.452158 0.000000 0.159787 0.127498
0.050000 0.008814 0.459999 0.000000 0.159367 0.127852
0.051000 0.008974 0.467805 0.000000 0.158963 0.128194
0.052000 0.009132 0.475584 0.000000 0.158569 0.128529
0.053000 0.009291 0.483364 0.000000 0.158175 0.128864
0.054000 0.009449 0.491109 0.000000 0.157795 0.129187
0.055000 0.009606 0.498829 0.000000 0.157425 0.129504
0.056000 0.009764 0.506549 0.000000 0.157055 0.129820
0.057000 0.009921 0.514243 0.000000 0.156695 0.130129
0.058000 0.010077 0.521904 0.000000 0.156347 0.130427
0.059000 0.010233 0.529564 0.000000 0.156000 0.130726
0.060000 0.010389 0.537220 0.000000 0.155655 0.131024
0.061000 0.010544 0.544823 0.000000 0.155329 0.131306
0.062000 0.010700 0.552425 0.000000 0.155004 0.131589
0.063000 0.010855 0.560028 0.000000 0.154679 0.131871
0.064000 0.011009 0.567599 0.000000 0.154364 0.132145
0.065000 0.011163 0.575144 0.000000 0.154059 0.132412
0.066000 0.011317 0.582689 0.000000 0.153754 0.132680
0.067000 0.011471 0.590234 0.000000 0.153450 0.132947
0.068000 0.011624 0.597734 0.000000 0.153160 0.133202
0.069000 0.011777 0.605223 0.000000 0.152875 0.133454
0.070000 0.011930 0.612712 0.000000 0.152590 0.133707
0.071000 0.012083 0.620200 0.000000 0.152304 0.133959
0.072000 0.012235 0.627642 0.000000 0.152034 0.134200
0.073000 0.012386 0.635075 0.000000 0.151767 0.134438
0.074000 0.012538 0.642508 0.000000 0.151500 0.134677
0.075000 0.012690 0.649941 0.000000 0.151233 0.134916
0.076000 0.012841 0.657339 0.000000 0.150978 0.135146
0.077000 0.012991 0.664717 0.000000 0.150728 0.135371
0.078000 0.013142 0.672095 0.000000 0.150479 0.135597
0.079000 0.013292 0.679473 0.000000 0.150230 0.135822
0.080000 0.013443 0.686840 0.000000 0.149984 0.136045
0.081000 0.013592 0.694164 0.000000 0.149751 0.136259
0.082000 0.013742 0.701488 0.000000 0.149518 0.136472
0.083000 0.013891 0.708812 0.000000 0.149285 0.136685
0.084000 0.014041 0.716136 0.000000 0.149052 0.136898
0.085000 0.014190 0.723432 0.000000 0.148827 0.137105
0.086000 0.014338 0.730703 0.000000 0.148610 0.137307
0.087000 0.014487 0.737974 0.000000 0.148393 0.137508
0.088000 0.014635 0.745245 0.000000 0.148176 0.137710
0.089000 0.014783 0.752516 0.000000 0.147958 0.137911
0.090000 0.014931 0.759757 0.000000 0.147749 0.138107
0.091000 0.015079 0.766976 0.000000 0.147547 0.138297
0.092000 0.015226 0.774194 0.000000 0.147344 0.138488
0.093000 0.015373 0.781412 0.000000 0.147142 0.138678
0.094000 0.015521 0.788631 0.000000 0.146940 0.138869
0.095000 0.015668 0.795833 0.000000 0.146741 0.139056
0.096000 0.015814 0.802999 0.000000 0.146553 0.139236
0.097000 0.015960 0.810166 0.000000 0.146364 0.139416
0.098000 0.016106 0.817333 0.000000 0.146176 0.139597
0.099000 0.016253 0.824499 0.000000 0.145987 0.139777
0.100000 0.016399 0.831666 0.000000 0.145799 0.139957
0.102000 0.016690 0.845909 0.000000 0.145445 0.140300
0.104000 0.016980 0.860141 0.000000 0.145094 0.140641
0.106000 0.017271 0.874372 0.000000 0.144743 0.140981
0.108000 0.017559 0.888508 0.000000 0.144416 0.141304
0.110000 0.017848 0.902639 0.000000 0.144090 0.141626
0.112000 0.018136 0.916770 0.000000 0.143764 0.141949
0.114000 0.018423 0.930817 0.000000 0.143457 0.142256
0.116000 0.018709 0.944849 0.000000 0.143155 0.142561
0.118000 0.018996 0.958880 0.000000 0.142852 0.142865
0.120000 0.019281 0.972857 0.000000 0.142562 0.143161
0.122000 0.019566 0.986791 0.000000 0.142281 0.143449
0.124000 0.019850 1.000725 0.000000 0.142000 0.143737
0.126000 0.020135 1.014650 0.000000 0.141721 0.144023
0.128000 0.020417 1.028488 0.000000 0.141461 0.144296
0.130000 0.020700 1.042325 0.000000 0.141201 0.144568
0.132000 0.020982 1.056163 0.000000 0.140941 0.144841
0.134000 0.021264 1.069961 0.000000 0.140689 0.145107
0.136000 0.021545 1.083703 0.000000 0.140449 0.145365
0.138000 0.021825 1.097445 0.000000 0.140208 0.145622
0.140000 0.022106 1.111188 0.000000 0.139968 0.145880
0.142000 0.022386 1.124880 0.000000 0.139737 0.146130
0.144000 0.022664 1.138528 0.000000 0.139515 0.146374
0.146000 0.022943 1.152177 0.000000 0.139293 0.146618
0.148000 0.023222 1.165825 0.000000 0.139070 0.146862
0.150000 0.023500 1.179434 0.000000 0.138856 0.147100
0.152000 0.023777 1.192990 0.000000 0.138651 0.147331
0.154000 0.024054 1.206546 0.000000 0.138446 0.147561
0.156000 0.024331 1.220102 0.000000 0.138241 0.147792
0.158000 0.024608 1.233649 0.000000 0.138037 0.148022
0.160000 0.024883 1.247114 0.000000 0.137848 0.148240
0.162000 0.025158 1.260579 0.000000 0.137659 0.148458
0.164000 0.025434 1.274043 0.000000 0.137470 0.148676
0.166000 0.025709 1.287508 0.000000 0.137282 0.148895
0.168000 0.025983 1.300926 0.000000 0.137100 0.149107
0.170000 0.026257 1.314301 0.000000 0.136927 0.149314
0.172000 0.026530 1.327676 0.000000 0.136753 0.149520
0.174000 0.026804 1.341051 0.000000 0.136579 0.149727
0.176000 0.027078 1.354425 0.000000 0.136405 0.149933
0.178000 0.027350 1.367740 0.000000 0.136241 0.150132
0.180000 0.027622 1.381026 0.000000 0.136082 0.150328
0.182000 0.027894 1.394312 0.000000 0.135922 0.150524
0.184000 0.028166 1.407598 0.000000 0.135763 0.150719
0.186000 0.028438 1.420883 0.000000 0.135603 0.150915
0.188000 0.028709 1.434120 0.000000 0.135451 0.151104
0.190000 0.028979 1.447318 0.000000 0.135305 0.151290
0.192000 0.029249 1.460516 0.000000 0.135159 0.151475
0.194000 0.029519 1.473714 0.000000 0.135013 0.151660
0.196000 0.029790 1.486913 0.000000 0.134867 0.151845
0.198000 0.030060 1.500097 0.000000 0.134722 0.152029
0.200000 0.030328 1.513208 0.000000 0.134589 0.152204
0.202000 0.030597 1.526320 0.000000 0.134455 0.152379
0.204000 0.030866 1.539432 0.000000 0.134321 0.152555
0.206000 0.031135 1.552544 0.000000 0.134188 0.152730
0.208000 0.031403 1.565655 0.000000 0.134054 0.152905
0.210000 0.031671 1.578728 0.000000 0.133926 0.153076
0.212000 0.031939 1.591754 0.000000 0.133804 0.153242
0.214000 0.032206 1.604780 0.000000 0.133682 0.153409
0.216000 0.032473 1.617807 0.000000 0.133560 0.153575
0.218000 0.032740 1.630833 0.000000 0.133438 0.153741
0.220000 0.033008 1.643859 0.000000 0.133316 0.153907
0.222000 0.033274 1.656848 0.000000 0.133199 0.154069
0.224000 0.033540 1.669790 0.000000 0.133088 0.154226
0.226000 0.033806 1.682732 0.000000 0.132977 0.154384
0.228000 0.034072 1.695674 0.000000 0.132866 0.154541
0.230000 0.034337 1.708616 0.000000 0.132755 0.154698
0.232000 0.034603 1.721558 0.000000 0.132644 0.154856
0.234000 0.034869 1.734494 0.000000 0.132534 0.155012
0.236000 0.035133 1.747352 0.000000 0.132433 0.155161
0.238000 0.035398 1.760211 0.000000 0.132332 0.155310
0.240000 0.035662 1.773070 0.000000 0.132231 0.155460
0.242000 0.035926 1.785929 0.000000 0.132131 0.155609
0.244000 0.036191 1.798788 0.000000 0.132030 0.155758
0.246000 0.036455 1.811646 0.000000 0.131929 0.155907
0.248000 0.036719 1.824474 0.000000 0.131832 0.156053
0.250000 0.036982 1.837251 0.000000 0.131741 0.156194
0.252000 0.037245 1.850028 0.000000 0.131650 0.156336
0.254000 0.037509 1.862804 0.000000 0.131559 0.156477
0.256000 0.037772 1.875581 0.000000 0.131468 0.156618
0.258000 0.038035 1.888358 0.000000 0.131377 0.156760
0.260000 0.038298 1.901134 0.000000 0.131286 0.156901
0.262000 0.038560 1.913887 0.000000 0.131198 0.157040
0.264000 0.038822 1.926582 0.000000 0.131115 0.157174
0.266000 0.039084 1.939278 0.000000 0.131033 0.157308
0.268000 0.039346 1.951973 0.000000 0.130951 0.157442
0.270000 0.039608 1.964669 0.000000 0.130869 0.157576
0.272000 0.039870 1.977364 0.000000 0.130787 0.157710
0.274000 0.040131 1.990060 0.000000 0.130705 0.157844
0.276000 0.040393 2.002755 0.000000 0.130623 0.157978
0.278000 0.040654 2.015384 0.000000 0.130548 0.158106
0.280000 0.040915 2.027999 0.000000 0.130475 0.158233
0.282000 0.041175 2.040615 0.000000 0.130401 0.158360
0.284000 0.041436 2.053230 0.000000 0.130327 0.158487
0.286000 0.041697 2.065846 0.000000 0.130254 0.158615
0.288000 0.041957 2.078461 0.000000 0.130180 0.158742
0.290000 0.042218 2.091077 0.000000 0.130107 0.158869
0.292000 0.042479 2.103692 0.000000 0.130033 0.158996
0.294000 0.042738 2.116231 0.000000 0.129967 0.159117
0.296000 0.042998 2.128768 0.000000 0.129902 0.159237
0.298000 0.043257 2.141304 0.000000 0.129836 0.159358
0.300000 0.043517 2.153840 0.000000 0.129770 0.159478
0.304000 0.044036 2.178913 0.000000 0.129639 0.159719
0.308000 0.044555 2.203986 0.000000 0.129507 0.159961
0.312000 0.045072 2.228928 0.000000 0.129388 0.160191
0.316000 0.045589 2.253845 0.000000 0.129272 0.160420
0.320000 0.046106 2.278761 0.000000 0.129155 0.160649
0.324000 0.046623 2.303678 0.000000 0.129039 0.160878
0.328000 0.047139 2.328522 0.000000 0.128929 0.161101
0.332000 0.047654 2.353285 0.000000 0.128826 0.161319
0.336000 0.048169 2.378047 0.000000 0.128723 0.161536
0.340000 0.048684 2.402809 0.000000 0.128621 0.161753
0.344000 0.049199 2.427572 0.000000 0.128518 0.161971
0.348000 0.049712 2.452202 0.000000 0.128427 0.162178
0.352000 0.050225 2.476812 0.000000 0.128337 0.162385
0.356000 0.050738 2.501422 0.000000 0.128247 0.162591
0.360000 0.051251 2.526032 0.000000 0.128158 0.162798
0.364000 0.051764 2.550639 0.000000 0.128068 0.163004
0.368000 0.052276 2.575099 0.000000 0.127991 0.163200
0.372000 0.052787 2.599558 0.000000 0.127913 0.163396
0.376000 0.053299 2.624018 0.000000 0.127836 0.163592
0.380000 0.053810 2.648477 0.000000 0.127758 0.163788
0.384000 0.054322 2.672937 0.000000 0.127681 0.163984
0.388000 0.054832 2.697259 0.000000 0.127614 0.164172
0.392000 0.055342 2.721570 0.000000 0.127548 0.164358
0.396000 0.055852 2.745881 0.000000 0.127482 0.164544
0.400000 0.056362 2.770192 0.000000 0.127416 0.164731
0.404000 0.056872 2.794503 0.000000 0.127350 0.164917
0.408000 0.057381 2.818732 0.000000 0.127289 0.165099
0.412000 0.057890 2.842896 0.000000 0.127234 0.165276
0.416000 0.058398 2.867060 0.000000 0.127179 0.165453
0.420000 0.058907 2.891224 0.000000 0.127123 0.165631
0.424000 0.059415 2.915388 0.000000 0.127068 0.165808
0.428000 0.059924 2.939552 0.000000 0.127013 0.165985
0.432000 0.060432 2.963582 0.000000 0.126966 0.166155
0.436000 0.060939 2.987601 0.000000 0.126921 0.166323
0.440000 0.061447 3.011620 0.000000 0.126876 0.166492
0.444000 0.061954 3.035639 0.000000 0.126830 0.166661
0.448000 0.062462 3.059658 0.000000 0.126785 0.166830
0.452000 0.062969 3.083677 0.000000 0.126740 0.166998
0.456000 0.063475 3.107554 0.000000 0.126704 0.167159
0.460000 0.063982 3.131429 0.000000 0.126668 0.167320
0.464000 0.064488 3.155305 0.000000 0.126632 0.167480
0.468000 0.064995 3.179180 0.000000 0.126596 0.167641
0.472000 0.065501 3.203056 0.000000 0.126560 0.167802
0.476000 0.066008 3.226931 0.000000 0.126524 0.167962
0.480000 0.066514 3.250698 0.000000 0.126495 0.168117
0.484000 0.067019 3.274432 0.000000 0.126468 0.168270
0.488000 0.067525 3.298166 0.000000 0.126441 0.168423
0.492000 0.068031 3.321900 0.000000 0.126414 0.168576
0.496000 0.068536 3.345634 0.000000 0.126387 0.168729
0.500000 0.069042 3.369368 0.000000 0.126360 0.168882
0.504000 0.069548 3.393069 0.000000 0.126335 0.169033
0.508000 0.070053 3.416663 0.000000 0.126316 0.169179
0.512000 0.070558 3.440257 0.000000 0.126297 0.169325
0.516000 0.071063 3.463851 0.000000 0.126279 0.169471
0.520000 0.071568 3.487444 0.000000 0.126260 0.169617
0.524000 0.072073 3.511038 0.000000 0.126241 0.169763
0.528000 0.072578 3.534632 0.000000 0.126223 0.169909
0.532000 0.073083 3.558174 0.000000 0.126207 0.170052
0.536000 0.073587 3.581630 0.000000 0.126196 0.170191
0.540000 0.074092 3.605085 0.000000 0.126185 0.170330
0.544000 0.074597 3.628541 0.000000 0.126174 0.170469
0.548000 0.075101 3.651996 0.000000 0.126164 0.170608
0.552000 0.075606 3.675452 0.000000 0.126153 0.170748
0.556000 0.076111 3.698907 0.000000 0.126142 0.170887
0.560000 0.076615 3.722337 0.000000 0.126132 0.171025
0.564000 0.077120 3.745656 0.000000 0.126129 0.171157
0.568000 0.077624 3.768975 0.000000 0.126125 0.171290
0.572000 0.078129 3.792293 0.000000 0.126122 0.171423
0.576000 0.078633 3.815612 0.000000 0.126119 0.171556
0.580000 0.079137 3.838931 0.000000 0.126115 0.171688
0.584000 0.079642 3.862250 0.000000 0.126112 0.171821
0.588000 0.080146 3.885568 0.000000 0.126108 0.171954
0.592000 0.080651 3.908799 0.000000 0.126109 0.172083
0.596000 0.081155 3.931982 0.000000 0.126113 0.172210
0.600000 0.081660 3.955166 0.000000 0.126117 0.172336
0.604000 0.082164 3.978350 0.000000 0.126120 0.172463
0.608000 0.082668 4.001533 0.000000 0.126124 0.172590
0.612000 0.083173 4.024717 0.000000 0.126127 0.172717
0.616000 0.083677 4.047900 0.000000 0.126131 0.172843
0.620000 0.084182 4.071084 0.000000 0.126134 0.172970
0.624000 0.084686 4.094165 0.000000 0.126143 0.173093
0.628000 0.085191 4.117215 0.000000 0.126153 0.173214
0.632000 0.085696 4.140265 0.000000 0.126163 0.173335
0.636000 0.086200 4.163315 0.000000 0.126174 0.173456
0.640000 0.086705 4.186365 0.000000 0.126184 0.173577
0.644000 0.087210 4.209415 0.000000 0.126194 0.173699
0.648000 0.087714 4.232465 0.000000 0.126204 0.173820
0.652000 0.088219 4.255515 0.000000 0.126214 0.173941
0.656000 0.088724 4.278497 0.000000 0.126228 0.174059
0.660000 0.089229 4.301415 0.000000 0.126244 0.174175
0.664000 0.089734 4.324333 0.000000 0.126261 0.174291
0.668000 0.090239 4.347251 0.000000 0.126277 0.174407
0.672000 0.090744 4.370169 0.000000 0.126293 0.174523
0.676000 0.091249 4.393087 0.000000 0.126310 0.174639
0.680000 0.091754 4.416005 0.000000 0.126326 0.174755
0.684000 0.092259 4.438922 0.000000 0.126343 0.174871
0.688000 0.092764 4.461840 0.000000 0.126359 0.174987
0.692000 0.093270 4.484643 0.000000 0.126381 0.175098
0.696000 0.093776 4.507430 0.000000 0.126403 0.175209
0.700000 0.094282 4.530218 0.000000 0.126426 0.175320
0.708000 0.095293 4.575792 0.000000 0.126471 0.175542
0.716000 0.096305 4.621367 0.000000 0.126516 0.175764
0.724000 0.097316 4.666941 0.000000 0.126560 0.175985
0.732000 0.098330 4.712275 0.000000 0.126616 0.176198
0.740000 0.099343 4.757591 0.000000 0.126672 0.176411
0.748000 0.100357 4.802908 0.000000 0.126728 0.176624
0.756000 0.101370 4.848224 0.000000 0.126785 0.176836
0.764000 0.102384 4.893483 0.000000 0.126843 0.177047
0.772000 0.103400 4.938544 0.000000 0.126910 0.177250
0.780000 0.104415 4.983605 0.000000 0.126977 0.177454
0.788000 0.105431 5.028666 0.000000 0.127044 0.177658
0.796000 0.106447 5.073727 0.000000 0.127111 0.177861
0.804000 0.107464 5.118708 0.000000 0.127182 0.178063
0.812000 0.108482 5.163517 0.000000 0.127259 0.178258
0.820000 0.109501 5.208325 0.000000 0.127337 0.178454
0.828000 0.110520 5.253134 0.000000 0.127414 0.178649
0.836000 0.111538 5.297943 0.000000 0.127492 0.178845
0.844000 0.112558 5.342700 0.000000 0.127571 0.179038
0.852000 0.113580 5.387260 0.000000 0.127659 0.179226
0.860000 0.114602 5.431819 0.000000 0.127746 0.179414
0.868000 0.115624 5.476378 0.000000 0.127833 0.179602
0.876000 0.116646 5.520937 0.000000 0.127921 0.179790
0.884000 0.117668 5.565496 0.000000 0.128008 0.179977
0.892000 0.118694 5.609839 0.000000 0.128104 0.180159
0.900000 0.119720 5.654151 0.000000 0.128201 0.180339
0.908000 0.120746 5.698463 0.000000 0.128298 0.180520
0.916000 0.121772 5.742776 0.000000 0.128395 0.180700
0.924000 0.122798 5.787088 0.000000 0.128492 0.180881
0.932000 0.123826 5.831317 0.000000 0.128593 0.181059
0.940000 0.124857 5.875386 0.000000 0.128699 0.181233
0.948000 0.125888 5.919454 0.000000 0.128805 0.181406
0.956000 0.126918 5.963522 0.000000 0.128912 0.181580
0.964000 0.127949 6.007590 0.000000 0.129018 0.181754
0.972000 0.128980 6.051658 0.000000 0.129124 0.181927
0.980000 0.130013 6.095586 0.000000 0.129236 0.182097
0.988000 0.131049 6.139413 0.000000 0.129351 0.182265
0.996000 0.132085 6.183240 0.000000 0.129466 0.182432
1.004000 0.133121 6.227066 0.000000 0.129582 0.182599
1.012000 0.134157 6.270893 0.000000 0.129697 0.182767
1.020000 0.135193 6.314720 0.000000 0.129812 0.182934
1.028000 0.136232 6.358402 0.000000 0.129933 0.183098
1.036000 0.137274 6.401990 0.000000 0.130057 0.183259
1.044000 0.138316 6.445578 0.000000 0.130181 0.183420
1.052000 0.139357 6.489166 0.000000 0.130305 0.183582
1.060000 0.140399 6.532754 0.000000 0.130429 0.183743
1.068000 0.141441 6.576342 0.000000 0.130553 0.183904
1.076000 0.142485 6.619834 0.000000 0.130681 0.184063
1.084000 0.143533 6.663185 0.000000 0.130814 0.184219
1.092000 0.144582 6.706537 0.000000 0.130946 0.184375
1.100000 0.145630 6.749889 0.000000 0.131079 0.184531
1.108000 0.146678 6.793240 0.000000 0.131212 0.184686
1.116000 0.147726 6.836592 0.000000 0.131344 0.184842
1.124000 0.148774 6.879944 0.000000 0.131477 0.184998
1.132000 0.149830 6.923065 0.000000 0.131618 0.185148
1.140000 0.150885 6.966183 0.000000 0.131759 0.185299
1.148000 0.151940 7.009301 0.000000 0.131900 0.185449
1.156000 0.152996 7.052419 0.000000 0.132041 0.185600
1.164000 0.154051 7.095537 0.000000 0.132182 0.185750
1.172000 0.155106 7.138655 0.000000 0.132323 0.185901
1.180000 0.156164 7.181695 0.000000 0.132467 0.186049
1.188000 0.157228 7.224582 0.000000 0.132616 0.186195
1.196000 0.158291 7.267468 0.000000 0.132765 0.186341
1.204000 0.159354 7.310355 0.000000 0.132914 0.186486
1.212000 0.160417 7.353242 0.000000 0.133064 0.186632
1.220000 0.161480 7.396129 0.000000 0.133213 0.186777
1.228000 0.162543 7.439016 0.000000 0.133362 0.186923
1.236000 0.163611 7.481795 0.000000 0.133515 0.187066
1.244000 0.164682 7.524453 0.000000 0.133672 0.187207
1.252000 0.165754 7.567111 0.000000 0.133830 0.187348
1.260000 0.166826 7.609769 0.000000 0.133987 0.187489
1.268000 0.167898 7.652427 0.000000 0.134144 0.187630
1.276000 0.168969 7.695085 0.000000 0.134302 0.187771
1.284000 0.170041 7.737743 0.000000 0.134459 0.187912
1.292000 0.171116 7.780316 0.000000 0.134619 0.188052
1.300000 0.172197 7.822748 0.000000 0.134785 0.188188
1.308000 0.173278 7.865180 0.000000 0.134950 0.188325
1.316000 0.174359 7.907611 0.000000 0.135116 0.188462
1.324000 0.175440 7.950043 0.000000 0.135281 0.188598
1.332000 0.176521 7.992475 0.000000 0.135446 0.188735
1.340000 0.177603 8.034907 0.000000 0.135612 0.188872
1.348000 0.178684 8.077325 0.000000 0.135777 0.189008
1.356000 0.179775 8.119532 0.000000 0.135951 0.189141
1.364000 0.180866 8.161740 0.000000 0.136124 0.189274
1.372000 0.181957 8.203948 0.000000 0.136297 0.189406
1.380000 0.183049 8.246156 0.000000 0.136471 0.189539
1.388000 0.184140 8.288364 0.000000 0.136644 0.189672
1.396000 0.185231 8.330572 0.000000 0.136817 0.189805
1.404000 0.186322 8.372780 0.000000 0.136990 0.189937
1.412000 0.187419 8.414871 0.000000 0.137168 0.190068
1.420000 0.188520 8.456857 0.000000 0.137349 0.190197
1.428000 0.189622 8.498843 0.000000 0.137530 0.190326
1.436000 0.190724 8.540830 0.000000 0.137711 0.190455
1.444000 0.191826 8.582816 0.000000 0.137893 0.190584
1.452000 0.192928 8.624802 0.000000 0.138074 0.190713
1.460000 0.194030 8.666788 0.000000 0.138255 0.190842
1.468000 0.195132 8.708775 0.000000 0.138436 0.190971
1.476000 0.196243 8.750591 0.000000 0.138623 0.191097
1.484000 0.197356 8.792358 0.000000 0.138812 0.191223
1.492000 0.198470 8.834125 0.000000 0.139002 0.191348
1.500000 0.199584 8.875892 0.000000 0.139191 0.191474
1.516000 0.201811 8.959426 0.000000 0.139569 0.191725
1.532000 0.204038 9.042961 0.000000 0.139947 0.191976
1.548000 0.206287 9.126102 0.000000 0.140339 0.192221
1.564000 0.208539 9.209203 0.000000 0.140732 0.192466
1.580000 0.210791 9.292303 0.000000 0.141126 0.192710
1.596000 0.213044 9.375403 0.000000 0.141520 0.192955
1.612000 0.215317 9.458153 0.000000 0.141926 0.193194
1.628000 0.217596 9.540824 0.000000 0.142336 0.193433
1.644000 0.219874 9.623494 0.000000 0.142745 0.193672
1.660000 0.222153 9.706165 0.000000 0.143154 0.193910
1.676000 0.224449 9.788570 0.000000 0.143573 0.194145
1.692000 0.226756 9.870816 0.000000 0.143998 0.194378
1.708000 0.229063 9.953061 0.000000 0.144423 0.194611
1.724000 0.231370 10.035307 0.000000 0.144848 0.194844
1.740000 0.233687 10.117413 0.000000 0.145278 0.195076
1.756000 0.236024 10.199238 0.000000 0.145718 0.195304
1.772000 0.238361 10.281062 0.000000 0.146158 0.195531
1.788000 0.240698 10.362887 0.000000 0.146599 0.195759
1.804000 0.243035 10.444712 0.000000 0.147039 0.195987
1.820000 0.245402 10.526144 0.000000 0.147494 0.196211
1.836000 0.247770 10.607552 0.000000 0.147950 0.196434
1.852000 0.250139 10.688960 0.000000 0.148406 0.196657
1.868000 0.252508 10.770369 0.000000 0.148862 0.196880
1.884000 0.254892 10.851587 0.000000 0.149325 0.197101
1.900000 0.257295 10.932583 0.000000 0.149796 0.197320
1.916000 0.259697 11.013579 0.000000 0.150268 0.197538
1.932000 0.262099 11.094575 0.000000 0.150739 0.197757
1.948000 0.264502 11.175571 0.000000 0.151210 0.197976
1.964000 0.266935 11.256204 0.000000 0.151695 0.198191
1.980000 0.269373 11.336792 0.000000 0.152182 0.198406
1.996000 0.271811 11.417380 0.000000 0.152668 0.198620
2.012000 0.274249 11.497969 0.000000 0.153155 0.198835
2.028000 0.276695 11.578463 0.000000 0.153645 0.199049
2.044000 0.279170 11.658647 0.000000 0.154147 0.199260
2.060000 0.281645 11.738831 0.000000 0.154649 0.199470
2.076000 0.284120 11.819015 0.000000 0.155151 0.199681
2.092000 0.286594 11.899199 0.000000 0.155653 0.199892
2.108000 0.289088 11.979188 0.000000 0.156162 0.200101
2.124000 0.291602 12.058972 0.000000 0.156679 0.200309
2.140000 0.294116 12.138756 0.000000 0.157195 0.200516
2.156000 0.296630 12.218540 0.000000 0.157712 0.200724
2.172000 0.299144 12.298324 0.000000 0.158229 0.200931
2.188000 0.301685 12.377843 0.000000 0.158756 0.201137
2.204000 0.304240 12.457231 0.000000 0.159287 0.201341
2.220000 0.306794 12.536619 0.000000 0.159819 0.201545
2.236000 0.309349 12.616007 0.000000 0.160351 0.201750
2.252000 0.311904 12.695395 0.000000 0.160882 0.201954
2.268000 0.314491 12.774479 0.000000 0.161425 0.202156
2.284000 0.317088 12.853475 0.000000 0.161971 0.202358
2.300000 0.319685 12.932471 0.000000 0.162517 0.202559
2.316000 0.322283 13.011466 0.000000 0.163063 0.202760
2.332000 0.324880 13.090462 0.000000 0.163609 0.202962
2.348000 0.327513 13.169143 0.000000 0.164166 0.203161
2.364000 0.330154 13.247751 0.000000 0.164726 0.203360
2.380000 0.332795 13.326359 0.000000 0.165286 0.203559
2.396000 0.335437 13.404966 0.000000 0.165846 0.203758
2.412000 0.338078 13.483574 0.000000 0.166406 0.203956
2.428000 0.340755 13.561881 0.000000 0.166976 0.204153
2.444000 0.343443 13.640104 0.000000 0.167549 0.204350
2.460000 0.346130 13.718328 0.000000 0.168123 0.204546
2.476000 0.348817 13.796551 0.000000 0.168696 0.204743
2.492000 0.351504 13.874774 0.000000 0.169269 0.204939
2.508000 0.354224 13.952735 0.000000 0.169852 0.205134
2.524000 0.356959 14.030577 0.000000 0.170438 0.205328
2.540000 0.359694 14.108419 0.000000 0.171024 0.205522
2.556000 0.362429 14.186262 0.000000 0.171610 0.205716
2.572000 0.365164 14.264104 0.000000 0.172196 0.205911
2.588000 0.367925 14.341743 0.000000 0.172789 0.206104
2.604000 0.370709 14.419208 0.000000 0.173387 0.206296
2.620000 0.373493 14.496674 0.000000 0.173985 0.206488
2.636000 0.376276 14.574139 0.000000 0.174583 0.206680
2.652000 0.379060 14.651604 0.000000 0.175181 0.206873
2.668000 0.381861 14.728944 0.000000 0.175783 0.207064
2.684000 0.384696 14.806036 0.000000 0.176392 0.207255
2.700000 0.387530 14.883128 0.000000 0.177001 0.207445
2.716000 0.390364 14.960220 0.000000 0.177610 0.207635
2.732000 0.393199 15.037312 0.000000 0.178219 0.207826
2.748000 0.396037 15.114372 0.000000 0.178829 0.208016
2.764000 0.398924 15.191094 0.000000 0.179448 0.208205
2.780000 0.401810 15.267816 0.000000 0.180068 0.208393
2.796000 0.404696 15.344539 0.000000 0.180687 0.208582
2.812000 0.407582 15.421261 0.000000 0.181306 0.208771
2.828000 0.410469 15.497983 0.000000 0.181925 0.208960
2.844000 0.413397 15.574417 0.000000 0.182551 0.209147
2.860000 0.416336 15.650773 0.000000 0.183179 0.209334
2.876000 0.419275 15.727129 0.000000 0.183807 0.209522
2.892000 0.422215 15.803484 0.000000 0.184435 0.209709
2.908000 0.425154 15.879840 0.000000 0.185063 0.209896
2.924000 0.428118 15.956034 0.000000 0.185694 0.210083
2.940000 0.431111 16.032027 0.000000 0.186330 0.210269
2.956000 0.434105 16.108020 0.000000 0.186965 0.210454
2.972000 0.437099 16.184013 0.000000 0.187601 0.210640
2.988000 0.440092 16.260006 0.000000 0.188236 0.210826
3.004000 0.443089 16.335976 0.000000 0.188872 0.211012
3.020000 0.446138 16.411610 0.000000 0.189513 0.211196
3.036000 0.449187 16.487243 0.000000 0.190155 0.211381
3.052000 0.452236 16.562877 0.000000 0.190796 0.211566
3.068000 0.455284 16.638511 0.000000 0.191438 0.211750
3.084000 0.458333 16.714144 0.000000 0.192079 0.211935
3.100000 0.461418 16.789548 0.000000 0.192723 0.212119
3.132000 0.467628 16.940103 0.000000 0.194015 0.212485
3.164000 0.473838 17.090658 0.000000 0.195307 0.212852
3.196000 0.480115 17.240792 0.000000 0.196601 0.213218
3.228000 0.486438 17.390642 0.000000 0.197898 0.213583
3.260000 0.492761 17.540491 0.000000 0.199195 0.213947
3.292000 0.499181 17.689743 0.000000 0.200493 0.214310
3.324000 0.505619 17.838895 0.000000 0.201792 0.214673
3.356000 0.512067 17.987978 0.000000 0.203090 0.215035
3.388000 0.518619 18.136436 0.000000 0.204387 0.215396
3.420000 0.525171 18.284895 0.000000 0.205683 0.215757
3.452000 0.531761 18.433130 0.000000 0.206977 0.216117
3.484000 0.538428 18.580903 0.000000 0.208267 0.216476
3.516000 0.545095 18.728676 0.000000 0.209557 0.216835
3.548000 0.551825 18.876081 0.000000 0.210841 0.217193
3.580000 0.558607 19.023174 0.000000 0.212121 0.217551
3.612000 0.565389 19.170268 0.000000 0.213401 0.217908
3.644000 0.572256 19.316861 0.000000 0.214670 0.218264
3.676000 0.579152 19.463281 0.000000 0.215935 0.218620
3.708000 0.586049 19.609702 0.000000 0.217201 0.218975
3.740000 0.593051 19.755501 0.000000 0.218449 0.219329
3.772000 0.600060 19.901254 0.000000 0.219696 0.219683
3.804000 0.607082 20.046938 0.000000 0.220941 0.220037
3.836000 0.614204 20.192030 0.000000 0.222166 0.220389
3.868000 0.621326 20.337122 0.000000 0.223390 0.220742
3.900000 0.628477 20.482039 0.000000 0.224608 0.221093
3.932000 0.635709 20.626476 0.000000 0.225807 0.221444
3.964000 0.642942 20.770913 0.000000 0.227006 0.221795
3.996000 0.650219 20.915081 0.000000 0.228192 0.222144
4.028000 0.657560 21.058869 0.000000 0.229362 0.222493
4.060000 0.664900 21.202656 0.000000 0.230531 0.222842
4.092000 0.672299 21.346092 0.000000 0.231682 0.223190
4.124000 0.679746 21.489236 0.000000 0.232819 0.223537
4.156000 0.687193 21.632380 0.000000 0.233956 0.223884
4.188000 0.694709 21.775100 0.000000 0.235068 0.224230
4.220000 0.702259 21.917606 0.000000 0.236169 0.224576
4.252000 0.709809 22.060113 0.000000 0.237270 0.224921
4.284000 0.717437 22.202133 0.000000 0.238342 0.225265
4.316000 0.725088 22.344008 0.000000 0.239405 0.225608
4.348000 0.732739 22.485882 0.000000 0.240468 0.225952
4.380000 0.740474 22.627219 0.000000 0.241496 0.226293
4.412000 0.748222 22.768468 0.000000 0.242519 0.226635
4.444000 0.755970 22.909716 0.000000 0.243542 0.226976
4.476000 0.763806 23.050387 0.000000 0.244526 0.227316
4.508000 0.771649 23.191015 0.000000 0.245507 0.227655
4.540000 0.779492 23.331643 0.000000 0.246487 0.227995
4.572000 0.787423 23.471665 0.000000 0.247426 0.228332
4.604000 0.795357 23.611677 0.000000 0.248363 0.228669
4.636000 0.803292 23.751678 0.000000 0.249300 0.229007
4.668000 0.811312 23.891080 0.000000 0.250194 0.229342
4.700000 0.819333 24.030482 0.000000 0.251088 0.229677
4.732000 0.827356 24.169864 0.000000 0.251980 0.230012
4.764000 0.835460 24.308661 0.000000 0.252829 0.230344
4.796000 0.843564 24.447459 0.000000 0.253678 0.230677
4.828000 0.851671 24.586239 0.000000 0.254526 0.231010
4.860000 0.859854 24.724437 0.000000 0.255331 0.231340
4.892000 0.868038 24.862636 0.000000 0.256136 0.231671
4.924000 0.876222 25.000832 0.000000 0.256940 0.232001
4.956000 0.884482 25.138436 0.000000 0.257701 0.232329
4.988000 0.892742 25.276040 0.000000 0.258461 0.232657
5.020000 0.901002 25.413644 0.000000 0.259222 0.232985
5.052000 0.909331 25.550687 0.000000 0.259941 0.233310
5.084000 0.917663 25.687702 0.000000 0.260658 0.233636
5.116000 0.925996 25.824717 0.000000 0.261375 0.233961
5.148000 0.934388 25.961217 0.000000 0.262055 0.234284
5.180000 0.942789 26.097648 0.000000 0.262730 0.234607
5.212000 0.951190 26.234079 0.000000 0.263404 0.234930
5.244000 0.959642 26.370057 0.000000 0.264046 0.235250
5.276000 0.968108 26.505909 0.000000 0.264679 0.235570
5.308000 0.976574 26.641761 0.000000 0.265313 0.235890
5.340000 0.985081 26.777236 0.000000 0.265919 0.236208
5.372000 0.993608 26.912513 0.000000 0.266513 0.236526
5.404000 1.002136 27.047791 0.000000 0.267106 0.236843
5.436000 1.010693 27.182781 0.000000 0.267680 0.237159
5.468000 1.019278 27.317489 0.000000 0.268235 0.237473
5.500000 1.027864 27.452198 0.000000 0.268789 0.237788
5.532000 1.036468 27.586723 0.000000 0.269332 0.238101
5.564000 1.045108 27.720867 0.000000 0.269850 0.238413
5.596000 1.053749 27.855010 0.000000 0.270369 0.238724
5.628000 1.062395 27.989090 0.000000 0.270883 0.239035
5.660000 1.071087 28.122674 0.000000 0.271366 0.239344
5.692000 1.079780 28.256258 0.000000 0.271850 0.239652
5.724000 1.088472 28.389842 0.000000 0.272333 0.239961
5.756000 1.097206 28.522941 0.000000 0.272787 0.240267
5.788000 1.105947 28.655970 0.000000 0.273238 0.240573
5.820000 1.114688 28.788998 0.000000 0.273688 0.240878
5.852000 1.123456 28.921696 0.000000 0.274120 0.241182
5.884000 1.132243 29.054174 0.000000 0.274539 0.241485
5.916000 1.141029 29.186652 0.000000 0.274958 0.241787
5.948000 1.149829 29.318969 0.000000 0.275369 0.242089
5.980000 1.158658 29.450901 0.000000 0.275759 0.242388
6.012000 1.167488 29.582833 0.000000 0.276149 0.242688
6.044000 1.176317 29.714765 0.000000 0.276539 0.242987
6.076000 1.185185 29.846179 0.000000 0.276904 0.243284
6.108000 1.194055 29.977569 0.000000 0.277266 0.243580
6.140000 1.202925 30.108960 0.000000 0.277629 0.243877
6.172000 1.211817 30.240037 0.000000 0.277977 0.244171
6.204000 1.220725 30.370890 0.000000 0.278315 0.244465
6.236000 1.229633 30.501744 0.000000 0.278652 0.244758
6.268000 1.238547 30.632504 0.000000 0.278985 0.245051
6.300000 1.247490 30.762825 0.000000 0.279299 0.245341
6.364000 1.265377 31.023466 0.000000 0.279927 0.245922
6.428000 1.283322 31.283194 0.000000 0.280517 0.246497
6.492000 1.301284 31.542648 0.000000 0.281096 0.247070
6.556000 1.319302 31.801185 0.000000 0.281639 0.247638
6.620000 1.337340 32.059344 0.000000 0.282169 0.248204
6.684000 1.355417 32.316841 0.000000 0.282675 0.248766
6.748000 1.373526 32.573735 0.000000 0.283161 0.249324
6.812000 1.391658 32.830201 0.000000 0.283632 0.249880
6.876000 1.409832 33.085864 0.000000 0.284079 0.250431
6.940000 1.428018 33.341306 0.000000 0.284519 0.250980
7.004000 1.446251 33.595769 0.000000 0.284931 0.251524
7.068000 1.464491 33.850072 0.000000 0.285339 0.252066
7.132000 1.482774 34.103492 0.000000 0.285723 0.252603
7.196000 1.501067 34.356651 0.000000 0.286101 0.253139
7.260000 1.519394 34.609071 0.000000 0.286461 0.253670
7.324000 1.537736 34.861117 0.000000 0.286812 0.254199
7.388000 1.556105 35.112546 0.000000 0.287149 0.254724
7.452000 1.574493 35.363509 0.000000 0.287477 0.255246
7.516000 1.592902 35.613955 0.000000 0.287794 0.255765
7.580000 1.611331 35.863867 0.000000 0.288101 0.256281
7.644000 1.629778 36.113337 0.000000 0.288399 0.256794
7.708000 1.648247 36.362227 0.000000 0.288687 0.257304
7.772000 1.666730 36.610729 0.000000 0.288968 0.257811
7.836000 1.685235 36.858628 0.000000 0.289239 0.258315
7.900000 1.703753 37.106169 0.000000 0.289505 0.258816
7.964000 1.722292 37.353106 0.000000 0.289761 0.259314
8.028000 1.740843 37.599694 0.000000 0.290012 0.259810
8.092000 1.759414 37.845699 0.000000 0.290255 0.260302
8.156000 1.777996 38.091341 0.000000 0.290493 0.260792
8.220000 1.796596 38.336442 0.000000 0.290724 0.261279
8.284000 1.815210 38.581145 0.000000 0.290950 0.261763
8.348000 1.833838 38.825372 0.000000 0.291170 0.262245
8.412000 1.852480 39.069143 0.000000 0.291385 0.262723
8.476000 1.871134 39.312524 0.000000 0.291595 0.263200
8.540000 1.889805 39.555370 0.000000 0.291800 0.263673
8.604000 1.908484 39.797933 0.000000 0.292001 0.264145
8.668000 1.927182 40.039862 0.000000 0.292197 0.264613
8.732000 1.945884 40.281634 0.000000 0.292390 0.265080
8.796000 1.964608 40.522652 0.000000 0.292577 0.265542
8.860000 1.983332 40.763660 0.000000 0.292763 0.266005
8.924000 2.002081 41.003775 0.000000 0.292942 0.266462
8.988000 2.020831 41.243889 0.000000 0.293120 0.266919
9.052000 2.039600 41.483264 0.000000 0.293293 0.267372
9.116000 2.058374 41.722481 0.000000 0.293464 0.267824
9.180000 2.077163 41.961154 0.000000 0.293631 0.268273
9.244000 2.095961 42.199480 0.000000 0.293796 0.268720
9.308000 2.114767 42.437477 0.000000 0.293958 0.269165
9.372000 2.133588 42.674919 0.000000 0.294116 0.269607
9.436000 2.152412 42.912265 0.000000 0.294273 0.270048
9.500000 2.171256 43.148830 0.000000 0.294425 0.270485
9.564000 2.190099 43.385396 0.000000 0.294578 0.270922
9.628000 2.208961 43.621245 0.000000 0.294725 0.271355
9.692000 2.227827 43.856940 0.000000 0.294872 0.271787
9.756000 2.246703 44.092197 0.000000 0.295016 0.272216
9.820000 2.265590 44.327027 0.000000 0.295158 0.272643
9.884000 2.284481 44.561715 0.000000 0.295299 0.273069
9.948000 2.303389 44.795687 0.000000 0.295436 0.273492
10.012000 2.322297 45.029659 0.000000 0.295572 0.273914
10.076000 2.341221 45.262952 0.000000 0.295706 0.274332
10.140000 2.360150 45.496072 0.000000 0.295838 0.274750
10.204000 2.379087 45.728852 0.000000 0.295969 0.275166
10.268000 2.398035 45.961127 0.000000 0.296097 0.275578
10.332000 2.416984 46.193401 0.000000 0.296225 0.275991
10.396000 2.435952 46.424852 0.000000 0.296349 0.276400
10.460000 2.454920 46.656287 0.000000 0.296473 0.276808
10.524000 2.473899 46.887280 0.000000 0.296596 0.277214
10.588000 2.492887 47.117880 0.000000 0.296716 0.277618
10.652000 2.511875 47.348438 0.000000 0.296836 0.278021
10.716000 2.530882 47.578211 0.000000 0.296953 0.278420
10.780000 2.549888 47.807984 0.000000 0.297070 0.278820
10.844000 2.568905 48.037306 0.000000 0.297185 0.279216
10.908000 2.587930 48.266258 0.000000 0.297299 0.279611
10.972000 2.606955 48.495196 0.000000 0.297412 0.280006
11.036000 2.625999 48.723332 0.000000 0.297523 0.280397
11.100000 2.645042 48.951467 0.000000 0.297633 0.280787
11.164000 2.664094 49.179234 0.000000 0.297742 0.281176
11.228000 2.683155 49.406560 0.000000 0.297849 0.281562
11.292000 2.702216 49.633885 0.000000 0.297957 0.281948
11.356000 2.721293 49.860514 0.000000 0.298062 0.282331
11.420000 2.740372 50.087035 0.000000 0.298166 0.282713
11.484000 2.759455 50.313358 0.000000 0.298270 0.283094
11.548000 2.778551 50.539080 0.000000 0.298372 0.283472
11.612000 2.797648 50.764803 0.000000 0.298473 0.283850
11.676000 2.816754 50.990048 0.000000 0.298574 0.284225
11.740000 2.835868 51.214977 0.000000 0.298673 0.284599
11.804000 2.854981 51.439906 0.000000 0.298772 0.284973
11.868000 2.874110 51.664106 0.000000 0.298869 0.285343
11.932000 2.893240 51.888248 0.000000 0.298965 0.285712
11.996000 2.912374 52.112216 0.000000 0.299061 0.286081
12.060000 2.931521 52.335576 0.000000 0.299155 0.286447
12.124000 2.950668 52.558935 0.000000 0.299250 0.286813
12.188000 2.969823 52.781916 0.000000 0.299343 0.287177
12.252000 2.988986 53.004499 0.000000 0.299435 0.287538
12.316000 3.008149 53.227082 0.000000 0.299527 0.287900
12.380000 3.027324 53.449107 0.000000 0.299617 0.288259
12.444000 3.046503 53.670919 0.000000 0.299706 0.288617
12.508000 3.065683 53.892731 0.000000 0.299796 0.288975
12.572000 3.084877 54.113830 0.000000 0.299884 0.289330
12.636000 3.104072 54.334876 0.000000 0.299971 0.289684
12.700000 3.123269 54.555840 0.000000 0.300059 0.290038
12.828000 3.161691 54.996411 0.000000 0.300230 0.290738
12.956000 3.200132 55.436036 0.000000 0.300398 0.291435
13.084000 3.238591 55.874819 0.000000 0.300564 0.292127
13.212000 3.277075 56.312379 0.000000 0.300727 0.292813
13.340000 3.315580 56.748855 0.000000 0.300888 0.293493
13.468000 3.354102 57.184548 0.000000 0.301046 0.294171
13.596000 3.392645 57.619138 0.000000 0.301202 0.294842
13.724000 3.431212 58.052602 0.000000 0.301355 0.295509
13.852000 3.469792 58.485340 0.000000 0.301507 0.296172
13.980000 3.508395 58.916999 0.000000 0.301656 0.296829
14.108000 3.547019 59.347583 0.000000 0.301802 0.297482
14.236000 3.585656 59.777497 0.000000 0.301947 0.298132
14.364000 3.624315 60.206264 0.000000 0.302090 0.298776
14.492000 3.662993 60.634098 0.000000 0.302230 0.299416
14.620000 3.701684 61.061314 0.000000 0.302370 0.300053
14.748000 3.740399 61.487229 0.000000 0.302506 0.300684
14.876000 3.779129 61.912438 0.000000 0.302641 0.301312
15.004000 3.817872 62.336941 0.000000 0.302775 0.301937
15.132000 3.856640 62.760182 0.000000 0.302906 0.302556
15.260000 3.895418 63.182889 0.000000 0.303036 0.303173
15.388000 3.934215 63.604595 0.000000 0.303164 0.303785
15.516000 3.973029 64.025404 0.000000 0.303290 0.304393
15.644000 4.011853 64.445726 0.000000 0.303415 0.304999
15.772000 4.050704 64.864676 0.000000 0.303538 0.305598
15.900000 4.089563 65.283171 0.000000 0.303660 0.306196
16.028000 4.128439 65.700751 0.000000 0.303780 0.306790
16.156000 4.167332 66.117454 0.000000 0.303899 0.307380
16.284000 4.206234 66.533676 0.000000 0.304016 0.307968
16.412000 4.245160 66.948625 0.000000 0.304132 0.308550
16.540000 4.284094 67.363195 0.000000 0.304247 0.309130
16.668000 4.323046 67.776729 0.000000 0.304360 0.309707
16.796000 4.362011 68.189609 0.000000 0.304471 0.310280
16.924000 4.400989 68.601811 0.000000 0.304582 0.310850
17.052000 4.439985 69.013037 0.000000 0.304691 0.311417
17.180000 4.478988 69.423917 0.000000 0.304800 0.311981
17.308000 4.518014 69.833525 0.000000 0.304906 0.312541
17.436000 4.557045 70.242856 0.000000 0.305012 0.313099
17.564000 4.596096 70.651114 0.000000 0.305116 0.313653
17.692000 4.635157 71.058889 0.000000 0.305219 0.314205
17.820000 4.674232 71.465850 0.000000 0.305321 0.314753
17.948000 4.713320 71.872102 0.000000 0.305422 0.315298
18.076000 4.752419 72.277774 0.000000 0.305523 0.315841
18.204000 4.791534 72.682538 0.000000 0.305621 0.316381
18.332000 4.830656 73.086928 0.000000 0.305719 0.316919
18.460000 4.869798 73.490238 0.000000 0.305816 0.317452
18.588000 4.908944 73.893355 0.000000 0.305912 0.317984
18.716000 4.948112 74.295244 0.000000 0.306006 0.318512
18.844000 4.987282 74.697001 0.000000 0.306100 0.319039
18.972000 5.026473 75.097596 0.000000 0.306193 0.319561
19.100000 5.065668 75.497990 0.000000 0.306285 0.320083
19.228000 5.104882 75.897334 0.000000 0.306376 0.320600
19.356000 5.144101 76.296397 0.000000 0.306466 0.321116
19.484000 5.183337 76.694500 0.000000 0.306555 0.321629
19.612000 5.222579 77.092262 0.000000 0.306643 0.322140
19.740000 5.261838 77.489131 0.000000 0.306731 0.322647
19.868000 5.301103 77.885626 0.000000 0.306817 0.323153
19.996000 5.340383 78.281268 0.000000 0.306903 0.323656
20.124000 5.379670 78.676525 0.000000 0.306988 0.324157
20.252000 5.418972 79.070948 0.000000 0.307072 0.324655
20.380000 5.458280 79.464999 0.000000 0.307155 0.325152
20.508000 5.497603 79.858211 0.000000 0.307237 0.325645
20.636000 5.536933 80.251085 0.000000 0.307319 0.326137
20.764000 5.576277 80.643093 0.000000 0.307400 0.326625
20.892000 5.615627 81.034822 0.000000 0.307480 0.327113
21.020000 5.654992 81.425633 0.000000 0.307559 0.327597
21.148000 5.694361 81.816245 0.000000 0.307638 0.328080
21.276000 5.733748 82.205866 0.000000 0.307716 0.328560
21.404000 5.773136 82.595391 0.000000 0.307794 0.329039
21.532000 5.812543 82.983831 0.000000 0.307870 0.329514
21.660000 5.851950 83.372270 0.000000 0.307946 0.329989
21.788000 5.891377 83.759562 0.000000 0.308021 0.330460
21.916000 5.930804 84.146826 0.000000 0.308096 0.330930
22.044000 5.970249 84.533095 0.000000 0.308170 0.331397
22.172000 6.009697 84.919192 0.000000 0.308243 0.331864
22.300000 6.049159 85.304467 0.000000 0.308315 0.332327
22.428000 6.088627 85.689403 0.000000 0.308387 0.332789
22.556000 6.128105 86.073711 0.000000 0.308459 0.333249
22.684000 6.167593 86.457493 0.000000 0.308529 0.333706
22.812000 6.207088 86.840863 0.000000 0.308600 0.334163
22.940000 6.246595 87.223498 0.000000 0.308669 0.334616
23.068000 6.286106 87.605957 0.000000 0.308738 0.335069
23.196000 6.325632 87.987452 0.000000 0.308807 0.335519
23.324000 6.365159 88.368946 0.000000 0.308875 0.335968
23.452000 6.404704 88.749388 0.000000 0.308942 0.336414
23.580000 6.444250 89.129749 0.000000 0.309009 0.336859
23.708000 6.483810 89.509340 0.000000 0.309075 0.337301
23.836000 6.523375 89.888575 0.000000 0.309140 0.337743
23.964000 6.562948 90.267342 0.000000 0.309205 0.338182
24.092000 6.602532 90.645456 0.000000 0.309270 0.338620
24.220000 6.642119 91.023425 0.000000 0.309334 0.339056
24.348000 6.681722 91.400426 0.000000 0.309397 0.339490
24.476000 6.721325 91.777426 0.000000 0.309461 0.339923
24.604000 6.760944 92.153517 0.000000 0.309523 0.340353
24.732000 6.800565 92.529410 0.000000 0.309585 0.340783
24.860000 6.840196 92.904761 0.000000 0.309647 0.341210
24.988000 6.879836 93.279554 0.000000 0.309708 0.341636
25.116000 6.919479 93.654189 0.000000 0.309769 0.342061
25.244000 6.959137 94.027888 0.000000 0.309829 0.342483
25.372000 6.998796 94.401588 0.000000 0.309889 0.342904
25.500000 7.038468 94.774446 0.000000 0.309948 0.343323
25.756000 7.117828 95.519256 0.000000 0.310065 0.344158
26.012000 7.197217 96.262317 0.000000 0.310181 0.344987
26.268000 7.276641 97.003261 0.000000 0.310294 0.345808
26.524000 7.356092 97.742533 0.000000 0.310406 0.346624
26.780000 7.435571 98.480162 0.000000 0.310517 0.347434
27.036000 7.515075 99.216178 0.000000 0.310626 0.348239
27.292000 7.594606 99.950611 0.000000 0.310733 0.349038
27.548000 7.674170 100.683043 0.000000 0.310839 0.349831
27.804000 7.753760 101.413831 0.000000 0.310943 0.350618
28.060000 7.833374 102.143105 0.000000 0.311046 0.351401
28.316000 7.913013 102.870894 0.000000 0.311148 0.352178
28.572000 7.992678 103.597094 0.000000 0.311248 0.352950
28.828000 8.072373 104.321372 0.000000 0.311346 0.353716
29.084000 8.152091 105.044232 0.000000 0.311444 0.354478
29.340000 8.231832 105.765701 0.000000 0.311540 0.355235
29.596000 8.311595 106.485774 0.000000 0.311635 0.355987
29.852000 8.391389 107.203861 0.000000 0.311729 0.356733
30.108000 8.471205 107.920624 0.000000 0.311821 0.357475
30.364000 8.551041 108.636088 0.000000 0.311913 0.358213
30.620000 8.630900 109.350136 0.000000 0.312003 0.358947
30.876000 8.710787 110.062343 0.000000 0.312092 0.359674
31.132000 8.790695 110.773315 0.000000 0.312180 0.360398
31.388000 8.870621 111.483079 0.000000 0.312267 0.361118
31.644000 8.950573 112.191203 0.000000 0.312352 0.361833
31.900000 9.030548 112.897830 0.000000 0.312437 0.362543
32.156000 9.110542 113.603311 0.000000 0.312521 0.363250
32.412000 9.190555 114.307538 0.000000 0.312604 0.363952
32.668000 9.270595 115.009965 0.000000 0.312685 0.364650
32.924000 9.350653 115.711305 0.000000 0.312766 0.365344
33.180000 9.430728 116.411583 0.000000 0.312846 0.366035
33.436000 9.510830 117.110048 0.000000 0.312925 0.366720
33.692000 9.590949 117.807387 0.000000 0.313003 0.367402
33.948000 9.671085 118.503723 0.000000 0.313080 0.368081
34.204000 9.751245 119.198397 0.000000 0.313156 0.368755
34.460000 9.831424 119.891874 0.000000 0.313232 0.369426
34.716000 9.911618 120.584404 0.000000 0.313306 0.370094
34.972000 9.991836 121.275329 0.000000 0.313380 0.370757
35.228000 10.072072 121.965076 0.000000 0.313453 0.371416
35.484000 10.152321 122.653934 0.000000 0.313525 0.372073
35.740000 10.232595 123.341149 0.000000 0.313596 0.372725
35.996000 10.312886 124.027300 0.000000 0.313667 0.373375
36.252000 10.393189 124.712615 0.000000 0.313737 0.374021
36.508000 10.473519 125.396162 0.000000 0.313806 0.374663
36.764000 10.553862 126.078844 0.000000 0.313874 0.375302
37.020000 10.634219 126.760570 0.000000 0.313942 0.375938
37.276000 10.714601 127.440661 0.000000 0.314009 0.376570
37.532000 10.794994 128.120003 0.000000 0.314075 0.377200
37.788000 10.875405 128.798118 0.000000 0.314141 0.377826
38.044000 10.955836 129.474940 0.000000 0.314206 0.378448
38.300000 11.036277 130.151064 0.000000 0.314270 0.379069
38.556000 11.116741 130.825606 0.000000 0.314334 0.379685
38.812000 11.197219 131.499282 0.000000 0.314397 0.380299
39.068000 11.277710 132.172051 0.000000 0.314459 0.380910
39.324000 11.358223 132.843317 0.000000 0.314521 0.381517
39.580000 11.438745 133.513968 0.000000 0.314582 0.382122
39.836000 11.519288 134.183219 0.000000 0.314643 0.382723
40.092000 11.599844 134.851529 0.000000 0.314703 0.383322
40.348000 11.680413 135.519036 0.000000 0.314762 0.383919
40.604000 11.761003 136.185043 0.000000 0.314821 0.384512
40.860000 11.841601 136.850512 0.000000 0.314879 0.385103
41.116000 11.922221 137.514557 0.000000 0.314937 0.385690
41.372000 12.002851 138.177790 0.000000 0.314994 0.386275
41.628000 12.083496 138.840117 0.000000 0.315051 0.386858
41.884000 12.164158 139.501152 0.000000 0.315107 0.387437
42.140000 12.244828 140.161726 0.000000 0.315163 0.388015
42.396000 12.325522 140.820644 0.000000 0.315218 0.388588
42.652000 12.406222 141.479084 0.000000 0.315273 0.389160
42.908000 12.486940 142.136310 0.000000 0.315327 0.389729
43.164000 12.567671 142.792653 0.000000 0.315380 0.390296
43.420000 12.648413 143.448196 0.000000 0.315434 0.390861
43.676000 12.729174 144.102478 0.000000 0.315486 0.391422
43.932000 12.809940 144.756347 0.000000 0.315539 0.391982
44.188000 12.890729 145.408603 0.000000 0.315590 0.392538
44.444000 12.971523 146.060526 0.000000 0.315642 0.393093
44.700000 13.052337 146.711072 0.000000 0.315692 0.393645
44.956000 13.133160 147.361030 0.000000 0.315743 0.394195
45.212000 13.213997 148.009927 0.000000 0.315793 0.394742
45.468000 13.294847 148.657957 0.000000 0.315843 0.395287
45.724000 13.375707 149.305213 0.000000 0.315892 0.395830
45.980000 13.456584 149.951348 0.000000 0.315941 0.396371
46.236000 13.537467 150.596972 0.000000 0.315989 0.396909
46.492000 13.618370 151.241245 0.000000 0.316037 0.397445
46.748000 13.699277 151.885246 0.000000 0.316085 0.397980
47.004000 13.780206 152.527692 0.000000 0.316132 0.398511
47.260000 13.861137 153.169951 0.000000 0.316179 0.399041
47.516000 13.942089 153.810728 0.000000 0.316225 0.399568
47.772000 14.023045 154.451218 0.000000 0.316271 0.400094
48.028000 14.104019 155.090395 0.000000 0.316317 0.400616
48.284000 14.185000 155.729149 0.000000 0.316362 0.401138
48.540000 14.265996 156.366735 0.000000 0.316407 0.401657
48.796000 14.347000 157.003785 0.000000 0.316451 0.402174
49.052000 14.428019 157.639786 0.000000 0.316496 0.402689
49.308000 14.509047 158.275165 0.000000 0.316540 0.403202
49.564000 14.590087 158.909590 0.000000 0.316583 0.403713
49.820000 14.671137 159.543329 0.000000 0.316626 0.404222
50.076000 14.752200 160.176186 0.000000 0.316669 0.404729
50.332000 14.833272 160.808317 0.000000 0.316712 0.405234
50.588000 14.914356 161.439614 0.000000 0.316754 0.405738
50.844000 14.995450 162.070167 0.000000 0.316796 0.406239
51.100000 15.076556 162.699911 0.000000 0.316838 0.406738
51.612000 15.238798 163.957117 0.000000 0.316920 0.407732
52.124000 15.401081 165.211271 0.000000 0.317001 0.408718
52.636000 15.563407 166.462410 0.000000 0.317081 0.409697
53.148000 15.725772 167.710571 0.000000 0.317159 0.410669
53.660000 15.888178 168.955792 0.000000 0.317237 0.411634
54.172000 16.050623 170.198110 0.000000 0.317313 0.412592
54.684000 16.213107 171.437562 0.000000 0.317389 0.413543
55.196000 16.375629 172.674184 0.000000 0.317463 0.414488
55.708000 16.538189 173.908011 0.000000 0.317536 0.415426
56.220000 16.700786 175.139080 0.000000 0.317609 0.416358
56.732000 16.863419 176.367426 0.000000 0.317680 0.417283
57.244000 17.026089 177.593084 0.000000 0.317750 0.418203
57.756000 17.188794 178.816090 0.000000 0.317820 0.419116
58.268000 17.351533 180.036476 0.000000 0.317888 0.420023
58.780000 17.514310 181.254035 0.000000 0.317956 0.420924
59.292000 17.677122 182.468949 0.000000 0.318023 0.421819
59.804000 17.839968 183.681326 0.000000 0.318088 0.422709
60.316000 18.002847 184.891200 0.000000 0.318153 0.423592
60.828000 18.165758 186.098603 0.000000 0.318218 0.424471
61.340000 18.328701 187.303570 0.000000 0.318281 0.425344
61.852000 18.491676 188.506133 0.000000 0.318344 0.426211
62.364000 18.654681 189.706323 0.000000 0.318405 0.427074
62.876000 18.817720 190.903948 0.000000 0.318466 0.427931
63.388000 18.980793 192.099004 0.000000 0.318527 0.428782
63.900000 19.143895 193.291766 0.000000 0.318586 0.429628
64.412000 19.307027 194.482265 0.000000 0.318645 0.430469
64.924000 19.470187 195.670532 0.000000 0.318703 0.431306
65.436000 19.633376 196.856598 0.000000 0.318761 0.432138
65.948000 19.796594 198.040378 0.000000 0.318818 0.432965
66.460000 19.959846 199.221544 0.000000 0.318874 0.433786
66.972000 20.123125 200.400583 0.000000 0.318929 0.434603
67.484000 20.286431 201.577525 0.000000 0.318984 0.435416
67.996000 20.449763 202.752401 0.000000 0.319038 0.436224
68.508000 20.613122 203.925240 0.000000 0.319092 0.437028
69.020000 20.776513 205.095492 0.000000 0.319145 0.437827
69.532000 20.939931 206.263655 0.000000 0.319197 0.438621
70.044000 21.103373 207.429853 0.000000 0.319249 0.439411
70.556000 21.266840 208.594113 0.000000 0.319301 0.440197
71.068000 21.430332 209.756396 0.000000 0.319351 0.440980
71.580000 21.593856 210.916116 0.000000 0.319402 0.441757
72.092000 21.757404 212.073968 0.000000 0.319451 0.442530
72.604000 21.920975 213.229980 0.000000 0.319500 0.443299
73.116000 22.084568 214.384181 0.000000 0.319549 0.444065
73.628000 22.248191 215.536007 0.000000 0.319597 0.444826
74.140000 22.411839 216.685838 0.000000 0.319645 0.445583
74.652000 22.575509 217.833926 0.000000 0.319692 0.446336
75.164000 22.739200 218.980296 0.000000 0.319738 0.447086
75.676000 22.902919 220.124400 0.000000 0.319785 0.447832
76.188000 23.066663 221.266529 0.000000 0.319830 0.448573
76.700000 23.230427 222.407006 0.000000 0.319875 0.449312
77.212000 23.394211 223.545857 0.000000 0.319920 0.450047
77.724000 23.558025 224.682343 0.000000 0.319965 0.450778
78.236000 23.721859 225.817078 0.000000 0.320008 0.451505
78.748000 23.885713 226.950252 0.000000 0.320052 0.452229
79.260000 24.049588 228.081715 0.000000 0.320095 0.452950
79.772000 24.213492 229.210858 0.000000 0.320138 0.453666
80.284000 24.377413 230.338502 0.000000 0.320180 0.454379
80.796000 24.541353 231.464672 0.000000 0.320222 0.455090
81.308000 24.705319 232.588684 0.000000 0.320263 0.455796
81.820000 24.869306 233.710943 0.000000 0.320304 0.456499
82.332000 25.033310 234.831790 0.000000 0.320345 0.457200
82.844000 25.197335 235.950889 0.000000 0.320385 0.457897
83.356000 25.361386 237.067907 0.000000 0.320425 0.458590
83.868000 25.525453 238.183574 0.000000 0.320465 0.459281
84.380000 25.689537 239.297801 0.000000 0.320504 0.459969
84.892000 25.853649 240.409720 0.000000 0.320542 0.460652
85.404000 26.017777 241.520345 0.000000 0.320581 0.461333
85.916000 26.181919 242.629701 0.000000 0.320619 0.462012
86.428000 26.346090 243.736702 0.000000 0.320657 0.462687
86.940000 26.510277 244.842424 0.000000 0.320694 0.463359
87.452000 26.674477 245.946935 0.000000 0.320731 0.464029
87.964000 26.838705 247.049170 0.000000 0.320768 0.464694
88.476000 27.002948 248.150124 0.000000 0.320805 0.465358
88.988000 27.167205 249.249923 0.000000 0.320841 0.466019
89.500000 27.331489 250.347433 0.000000 0.320877 0.466676
90.012000 27.495787 251.443753 0.000000 0.320912 0.467331
90.524000 27.660099 252.538915 0.000000 0.320948 0.467984
91.036000 27.824437 253.631799 0.000000 0.320982 0.468632
91.548000 27.988789 254.723616 0.000000 0.321017 0.469279
92.060000 28.153155 255.814113 0.000000 0.321051 0.469923
92.572000 28.317546 256.902569 0.000000 0.321085 0.470564
93.084000 28.481949 257.990012 0.000000 0.321119 0.471203
93.596000 28.646370 259.075884 0.000000 0.321153 0.471839
94.108000 28.810811 260.160039 0.000000 0.321186 0.472472
94.620000 28.975263 261.243236 0.000000 0.321219 0.473104
95.132000 29.139738 262.324522 0.000000 0.321252 0.473732
95.644000 29.304228 263.404503 0.000000 0.321284 0.474357
96.156000 29.468729 264.483510 0.000000 0.321316 0.474981
96.668000 29.633256 265.560316 0.000000 0.321348 0.475601
97.180000 29.797793 266.636248 0.000000 0.321380 0.476220
97.692000 29.962347 267.710727 0.000000 0.321411 0.476836
98.204000 30.126919 268.783554 0.000000 0.321442 0.477449
98.716000 30.291502 269.855558 0.000000 0.321473 0.478061
99.228000 30.456107 270.925546 0.000000 0.321504 0.478669
99.740000 30.620725 271.994516 0.000000 0.321534 0.479276
100.252000 30.785356 273.062272 0.000000 0.321565 0.479880
100.764000 30.950008 274.128247 0.000000 0.321595 0.480482
101.276000 31.114668 275.193479 0.000000 0.321624 0.481082
101.788000 31.279351 276.256801 0.000000 0.321654 0.481679
